0  2  2  2  3  5.04905  4  0  7.4245  5.82675  13.2512
0  2.03  2.04951  2.04  3  4.95095  4  0  7.35202  5.97099  13.323
0.01  2.06  2.09804  2.08  3  4.85285  4  0  7.20921  6.11237  13.3216
0.02  2.09  2.14559  2.12  3  4.75475  4  0  7.06926  6.25089  13.3202
0.03  2.12  2.19215  2.16  3  4.65665  4  0  6.93216  6.38656  13.3187
0.04  2.15  2.23774  2.2  3  4.55855  4  0  6.79793  6.51937  13.3173
0.05  2.18  2.28234  2.24  3  4.46045  4  0  6.66655  6.64932  13.3159
0.06  2.21  2.32597  2.28  3  4.36235  4  0  6.53803  6.77641  13.3144
0.07  2.24  2.36861  2.32  3  4.26425  4  0  6.41237  6.90064  13.313
0.08  2.27  2.41027  2.36  3  4.16615  4  0  6.28956  7.02202  13.3116
0.09  2.3  2.45095  2.4  3  4.06805  4  0  6.16962  7.14053  13.3101
0.1  2.33  2.49065  2.44  3  3.96995  4  0  6.05253  7.25619  13.3087
0.11  2.36  2.52937  2.48  3  3.87185  4  0  5.9383  7.36899  13.3073
0.12  2.39  2.56711  2.52  3  3.77375  4  0  5.82692  7.47894  13.3059
0.13  2.42  2.60386  2.56  3  3.67565  4  0  5.71841  7.58602  13.3044
0.14  2.45  2.63964  2.6  3  3.57755  4  0  5.61275  7.69025  13.303
0.15  2.48  2.67443  2.64  3  3.47945  4  0  5.50995  7.79162  13.3016
0.16  2.51  2.70825  2.68  3  3.38135  4  0  5.41001  7.89013  13.3001
0.17  2.54  2.74108  2.72  3  3.28325  4  0  5.31293  7.98578  13.2987
0.18  2.57  2.77293  2.76  3  3.18515  4  0  5.21871  8.07858  13.2973
0.19  2.6  2.8038  2.8  3  3.08705  4  0  5.12734  8.16852  13.2959
0.2  2.63  2.83369  2.84  3  2.98895  4  0  5.03883  8.2556  13.2944
0.21  2.66  2.8626  2.88  3  2.89085  4  0  4.95318  8.33982  13.293
0.22  2.69  2.89053  2.92  3  2.79275  4  0.050714  4.87039  8.42118  13.3423
0.23  2.72  2.91747  2.95802  3  2.69465  3.8023  0.465546  4.5614  8.49969  13.5266
0.24  2.75  2.94176  2.99084  3  2.42922  3.28127  1.26726  3.81142  8.57046  13.6491
0.25  2.78  2.96135  3.01567  3  1.95817  2.48359  2.17351  2.82171  8.62751  13.6227
0.26  2.81  2.97458  3.03046  3  1.32309  1.47923  2.86313  1.92127  8.66605  13.4504
0.27  2.84  2.98037  3.03402  3  0.579323  0.355331  3.09609  1.40499  8.68293  13.184
0.28  2.87  2.97828  3.0261  3  -0.208901  -0.79134  2.79309  1.43588  8.67685  12.9058
0.29  2.9  2.96854  3.00748  3  -0.97398  -1.86272  2.06015  1.99249  8.64847  12.7011
0.3  2.93  2.95203  2.9798  3  -1.65075  -2.76784  1.26472  2.87861  8.60038  12.7437
0.31  2.95724  2.93021  2.94549  2.72365  -2.18201  -3.43054  0.793481  3.55605  8.53681  12.8863
0.32  2.9794  2.90498  2.90753  2.2166  -2.52339  -3.79587  0.80969  3.81463  8.46329  13.0876
0.33  2.99464  2.87851  2.86919  1.52372  -2.64701  -3.83464  1.14591  3.56863  8.38617  13.1007
0.34  3.00169  2.85106  2.83084  0.705393  -2.74511  -3.83464  1.3215  3.37631  8.3062  13.004
0.35  3.00002  2.82263  2.7925  -0.167646  -2.84321  -3.83464  1.27863  3.38801  8.22337  12.89
0.36  2.98981  2.79321  2.75415  -1.02049  -2.94131  -3.83464  1.03302  3.62273  8.13767  12.7934
0.37  2.97201  2.76282  2.7158  -1.78046  -3.03941  -3.83464  0.667733  4.02594  8.04913  12.7428
0.38  2.94817  2.73144  2.67746  -2.38329  -3.13751  -3.83464  0.304583  4.48863  7.95772  12.7509
0.39  2.92039  2.69909  2.63911  -2.77857  -3.23561  -3.83464  0.0630465  4.88444  7.86345  12.8109
0.4  2.89105  2.66575  2.60076  -2.93395  -3.33371  -3.83464  0.0630465  5.11193  7.76633  12.9413
0.41  2.86171  2.63143  2.56242  -2.93395  -3.43181  -3.83464  0.0630465  5.21049  7.66635  12.9399
0.42  2.83237  2.59613  2.52407  -2.93395  -3.52991  -3.83464  0.0630465  5.3119  7.56351  12.9385
0.43  2.80303  2.55985  2.48572  -2.93395  -3.62801  -3.83464  0.0630465  5.41617  7.45781  12.937
0.44  2.77369  2.52259  2.44738  -2.93395  -3.72611  -3.83464  0.0630465  5.52329  7.34925  12.9356
0.45  2.74435  2.48435  2.40903  -2.93395  -3.82421  -3.83464  0.0630465  5.63328  7.23784  12.9342
0.46  2.71501  2.44513  2.37069  -2.93395  -3.92231  -3.83464  0.0630465  5.74612  7.12357  12.9327
0.47  2.68567  2.40492  2.33234  -2.93395  -4.02041  -3.83464  0.0630465  5.86182  7.00644  12.9313
0.48  2.65633  2.36374  2.29399  -2.93395  -4.11851  -3.83464  0.0630465  5.98038  6.88645  12.9299
0.49  2.62699  2.32157  2.25565  -2.93395  -4.21661  -3.83464  0.0630465  6.10179  6.76361  12.9284
0.5  2.59765  2.27842  2.2173  -2.93395  -4.31471  -3.83464  0.0630465  6.22607  6.6379  12.927
0.51  2.56832  2.2343  2.17895  -2.93395  -4.41281  -3.83464  0.0630465  6.3532  6.50934  12.9256
0.52  2.53898  2.18919  2.14061  -2.93395  -4.51091  -3.83464  0.0630465  6.48319  6.37792  12.9242
0.53  2.50964  2.1431  2.10226  -2.93395  -4.60901  -3.83464  0.0630465  6.61604  6.24364  12.9227
0.54  2.4803  2.09603  2.06391  -2.93395  -4.70711  -3.83464  0.0630465  6.75175  6.10651  12.9213
0.55  2.45096  2.04797  2.02557  -2.93395  -4.80521  -3.83464  0.0630465  6.89031  5.96651  12.9199
0.56  2.42162  1.99894  1.98722  -2.93395  -4.90331  -3.83464  0.0630465  7.03174  5.82366  12.9184
0.57  2.39228  1.94893  1.94888  -2.93395  -5.00141  -3.83464  0.0630465  7.17602  5.67795  12.917
0.58  2.36294  1.89793  1.91053  -2.93395  -5.09951  -3.83464  0.0630465  7.32316  5.52938  12.9156
0.59  2.3336  1.84596  1.87218  -2.93395  -5.19761  -3.83464  0.0630465  7.47315  5.37796  12.9142
0.6  2.30426  1.793  1.83384  -2.93395  -5.29571  -3.83464  0.0630465  7.62601  5.22367  12.9127
0.61  2.27492  1.73906  1.79549  -2.93395  -5.39381  -3.83464  0.0630465  7.78172  5.06653  12.9113
0.62  2.24558  1.68414  1.75714  -2.93395  -5.49191  -3.83464  0.0630465  7.94029  4.90653  12.9099
0.63  2.21624  1.62824  1.7188  -2.93395  -5.59001  -3.83464  0.0630465  8.10172  4.74367  12.9084
0.64  2.1869  1.57136  1.68045  -2.93395  -5.68811  -3.83464  0.0630465  8.26601  4.57796  12.907
0.65  2.15756  1.5135  1.6421  -2.93395  -5.78621  -3.83464  0.0630465  8.43315  4.40938  12.9056
0.66  2.12822  1.45465  1.60376  -2.93395  -5.88431  -3.83464  0.0630465  8.60316  4.23795  12.9042
0.67  2.09888  1.39483  1.56541  -2.93395  -5.98241  -3.83464  0.0630465  8.77602  4.06366  12.9027
0.68  2.06954  1.33403  1.52707  -2.93395  -6.08051  -3.83464  0.0630465  8.95174  3.88651  12.9013
0.69  2.0402  1.27224  1.48872  -2.93395  -6.17861  -3.83464  0.0630465  9.13031  3.70651  12.8999
0.7  2.01087  1.20947  1.45037  -2.93395  -6.27671  -3.83464  0.0630465  9.31175  3.52364  12.8984
0.71  1.98153  1.14572  1.41203  -2.93395  -6.37481  -3.83464  0.0630465  9.49604  3.33792  12.897
0.72  1.95219  1.081  1.37368  -2.93395  -6.47291  -3.83464  0.0630465  9.68319  3.14934  12.8956
0.73  1.92285  1.01528  1.33533  -2.93395  -6.57101  -3.83464  0.0630465  9.8732  2.9579  12.8942
0.74  1.89351  0.948594  1.29699  -2.93395  -6.66911  -3.83464  0.0630465  10.0661  2.76361  12.8927
0.75  1.86417  0.880922  1.25864  -2.93395  -6.76721  -3.83464  0.0630465  10.2618  2.56645  12.8913
0.76  1.83483  0.812269  1.22029  -2.93395  -6.86531  -3.83464  0.0630465  10.4604  2.36644  12.8899
0.77  1.80549  0.742634  1.18195  -2.93395  -6.96341  -3.83464  0.0630465  10.6618  2.16357  12.8884
0.78  1.77615  0.672019  1.1436  -2.93395  -7.06151  -3.83464  0.0630465  10.8661  1.95784  12.887
0.79  1.74681  0.600423  1.10526  -2.93395  -7.15961  -3.83464  0.0630465  11.0733  1.74926  12.8856
0.8  1.71747  0.527846  1.06691  -2.93395  -7.25771  -3.83464  0.0630465  11.2833  1.53781  12.8841
0.81  1.68813  0.454288  1.02856  -2.93395  -7.35581  -3.83464  0.0630465  11.4962  1.32351  12.8827
0.82  1.65879  0.379749  0.990216  -2.93395  -7.45391  -3.83464  0.0630465  11.7119  1.10635  12.8813
0.83  1.62945  0.304229  0.95187  -2.93395  -7.55201  -3.83464  0.0630465  11.9305  0.886332  12.8799
0.84  1.60011  0.227728  0.913523  -2.93395  -7.65011  -3.83464  0.0630465  12.1519  0.663455  12.8784
0.85  1.57077  0.150245  0.875177  -2.93395  -7.74821  -3.83464  0.373761  12.3762  0.437721  13.1877
0.86  1.54143  0.0765523  0.836831  -2.93395  -7.36931  -3.83464  1.99202  11.5257  0.223025  13.7407
0.87  1.51209  0.0129148  0.798484  -2.93395  -6.36375  -3.83464  4.49749  9.47512  0.0376255  14.0102
0.88  1.48276  -0.0353013  0.760138  -2.93395  -4.82161  -3.83464  7.07957  6.91375  -0.102846  13.8905
0.89  1.45342  -0.064083  0.721792  -2.93395  -2.87817  -3.83464  8.90187  4.69174  -0.186698  13.4069
0.9  1.42408  -0.0711037  0.683445  -2.93395  -0.70207  -3.83464  9.37825  3.53486  -0.207152  12.706
0.91  1.39474  -0.0559105  0.645099  -2.93395  1.51932  -3.83464  8.36308  3.80443  -0.162888  12.0046
0.92  1.3654  -0.0199503  0.606752  -2.93395  3.59602  -3.83464  6.19352  5.38185  -0.0581226  11.5173
0.93  1.33606  0.0335668  0.568406  -2.93395  5.35171  -3.83464  3.57185  7.71454  0.0977926  11.3842
0.94  1.30672  0.099953  0.53006  -2.93395  6.63862  -3.83464  1.32895  10.0058  0.2912  11.626
0.95  1.27738  0.173453  0.491713  -2.93395  7.35004  -3.83464  0.149251  11.4836  0.505335  12.1381
0.96  1.24804  0.247744  0.453367  -2.93395  7.42911  -3.83464  0.149251  11.6571  0.721772  12.5281
0.97  1.2187  0.321055  0.415021  -2.93395  7.33101  -3.83464  0.149251  11.4421  0.935352  12.5267
0.98  1.18936  0.393384  0.376674  -2.93395  7.23291  -3.83464  0.149251  11.2299  1.14607  12.5252
0.99  1.16002  0.464732  0.338328  -2.93395  7.13481  -3.83464  0.149251  11.0206  1.35394  12.5238
1  1.13068  0.535099  0.299982  -2.93395  7.03671  -3.83464  0.149251  10.8142  1.55894  12.5224
1.01  1.10134  0.604485  0.261635  -2.93395  6.93861  -3.83464  0.149251  10.6106  1.76109  12.5209
1.02  1.072  0.67289  0.223289  -2.93395  6.84051  -3.83464  0.149251  10.4099  1.96038  12.5195
1.03  1.04266  0.740314  0.184942  -2.93395  6.74241  -3.83464  0.1708  10.212  2.15681  12.5396
1.04  1.01332  0.806757  0.14814  -2.93395  6.64431  -3.68025  0.483037  9.84475  2.35038  12.6782
1.05  0.983984  0.872219  0.116013  -2.93395  6.54621  -3.21267  1.03636  9.17402  2.5411  12.7515
1.06  0.954645  0.9367  0.0912741  -2.93395  6.44811  -2.47393  1.64082  8.36094  2.72896  12.7307
1.07  0.925305  1.0002  0.0759847  -2.93395  6.35001  -1.52894  2.09198  7.61282  2.91396  12.6188
1.08  0.895966  1.06272  0.0713871  -2.93395  6.25191  -0.459761  2.23924  7.11352  3.0961  12.4489
1.09  0.866626  1.12426  0.0778018  -2.93395  6.15381  0.641469  2.03526  6.96253  3.27538  12.2732
1.1  0.837287  1.18481  0.0946069  -2.93395  6.05571  1.68051  1.55034  7.14292  3.45181  12.1451
1.11  0.807947  1.24439  0.120298  -2.93395  5.95761  2.56907  0.947452  7.52863  3.62537  12.1015
1.12  0.778608  1.30299  0.152621  -2.93395  5.85951  3.23229  0.426663  7.92782  3.79608  12.1506
1.13  0.749268  1.3606  0.188771  -2.93395  5.76141  3.61506  0.15804  8.14772  3.96393  12.2697
1.14  0.719929  1.41723  0.225637  -2.93395  5.66331  3.68659  0.15804  8.05886  4.12893  12.3458
1.15  0.69059  1.47288  0.262503  -2.93395  5.56521  3.68659  0.15804  7.89529  4.29106  12.3444
1.16  0.66125  1.52756  0.299369  -2.93395  5.46711  3.68659  0.15804  7.73458  4.45034  12.343
1.17  0.631911  1.58125  0.336235  -2.93395  5.36901  3.68659  0.15804  7.57674  4.60676  12.3415
1.18  0.602571  1.63395  0.373101  -2.93395  5.27091  3.68659  0.15804  7.42175  4.76032  12.3401
1.19  0.573232  1.68568  0.409967  -2.93395  5.17281  3.68659  0.15804  7.26961  4.91102  12.3387
1.2  0.543892  1.73643  0.446833  -2.93395  5.07471  3.68659  0.15804  7.12034  5.05887  12.3372
1.21  0.514553  1.7862  0.483699  -2.93395  4.97661  3.68659  0.15804  6.97392  5.20386  12.3358
1.22  0.485213  1.83498  0.520565  -2.93395  4.87851  3.68659  0.15804  6.83037  5.34599  12.3344
1.23  0.455874  1.88278  0.55743  -2.93395  4.78041  3.68659  0.15804  6.68967  5.48526  12.333
1.24  0.426534  1.92961  0.594296  -2.93395  4.68231  3.68659  0.15804  6.55182  5.62167  12.3315
1.25  0.397195  1.97545  0.631162  -2.93395  4.58421  3.68659  0.15804  6.41684  5.75522  12.3301
1.26  0.367855  2.02031  0.668028  -2.93395  4.48611  3.68659  0.15804  6.28471  5.88592  12.3287
1.27  0.338516  2.06419  0.704894  -2.93395  4.38801  3.68659  0.15804  6.15545  6.01376  12.3272
1.28  0.309176  2.10709  0.74176  -2.93395  4.28991  3.68659  0.15804  6.02904  6.13874  12.3258
1.29  0.279837  2.14901  0.778626  -2.93395  4.19181  3.68659  0.15804  5.90548  6.26086  12.3244
1.3  0.250498  2.18995  0.815492  -2.93395  4.09371  3.68659  0.15804  5.78479  6.38013  12.323
1.31  0.221158  2.2299  0.852358  -2.93395  3.99561  3.68659  0.15804  5.66695  6.49654  12.3215
1.32  0.191819  2.26888  0.889224  -2.93395  3.89751  3.68659  0.113821  5.55198  6.61009  12.2759
1.33  0.163375  2.30687  0.92609  -2.84433  3.79941  3.68659  0.2754  5.36297  6.72078  12.3591
1.34  0.138251  2.34388  0.962956  -2.51247  3.70131  3.68659  0.588763  4.98973  6.82861  12.4071
1.35  0.118568  2.37992  0.999822  -1.96831  3.60321  3.68659  0.946077  4.52127  6.93358  12.4009
1.36  0.10597  2.41497  1.03669  -1.25976  3.50511  3.68659  1.22632  4.07809  7.0357  12.3401
1.37  0.101486  2.44904  1.07355  -0.448423  3.40701  3.68659  1.33579  3.77161  7.13496  12.2424
1.38  0.105443  2.48213  1.11042  0.395741  3.30891  3.68659  1.23892  3.66717  7.23136  12.1375
1.39  0.117447  2.51423  1.14729  1.20043  3.21081  3.68659  0.969366  3.76293  7.3249  12.0572
1.4  0.136419  2.54536  1.18415  1.8972  3.11271  3.68659  0.617862  3.9913  7.41559  12.0248
1.41  0.160692  2.57551  1.22102  2.4273  3.01461  3.68659  0.301229  4.24245  7.50341  12.0471
1.42  0.188158  2.60467  1.25788  2.74657  2.91651  3.68659  0.123113  4.40133  7.58838  12.1128
1.43  0.21645  2.63286  1.29475  2.82918  2.81841  3.68659  0.123113  4.38619  7.67049  12.1798
1.44  0.244742  2.66006  1.33161  2.82918  2.72031  3.68659  0.123113  4.30551  7.74975  12.1784
1.45  0.273034  2.68628  1.36848  2.82918  2.62221  3.68659  0.123113  4.22769  7.82614  12.1769
1.46  0.301325  2.71152  1.40535  2.82918  2.52411  3.68659  0.123113  4.15272  7.89968  12.1755
1.47  0.329617  2.73578  1.44221  2.82918  2.42601  3.68659  0.123113  4.08062  7.97036  12.1741
1.48  0.357909  2.75906  1.47908  2.82918  2.32791  3.68659  0.123113  4.01137  8.03818  12.1727
1.49  0.386201  2.78136  1.51594  2.82918  2.22981  3.68659  0.123113  3.94497  8.10314  12.1712
1.5  0.414493  2.80268  1.55281  2.82918  2.13171  3.68659  0.123113  3.88144  8.16524  12.1698
1.51  0.442785  2.82301  1.58968  2.82918  2.03361  3.68659  0.123113  3.82077  8.22449  12.1684
1.52  0.471076  2.84237  1.62654  2.82918  1.93551  3.68659  0.123113  3.76295  8.28088  12.1669
1.53  0.499368  2.86074  1.66341  2.82918  1.83741  3.68659  0.123113  3.70799  8.33441  12.1655
1.54  0.52766  2.87813  1.70027  2.82918  1.73931  3.68659  0.123113  3.65589  8.38508  12.1641
1.55  0.555952  2.89455  1.73714  2.82918  1.64121  3.68659  0.123113  3.60664  8.4329  12.1627
1.56  0.584244  2.90998  1.77401  2.82918  1.54311  3.68659  0.0463877  3.56026  8.47785  12.0845
1.57  0.612535  2.92347  1.81087  2.82918  1.34942  3.68659  0.103616  3.47707  8.51717  12.0979
1.58  0.640827  2.93389  1.84774  2.82918  1.04182  3.68659  0.179384  3.36785  8.54752  12.0948
1.59  0.669119  2.94036  1.8846  2.82918  0.64734  3.68659  0.240327  3.2689  8.56638  12.0756
1.6  0.697411  2.94237  1.92147  2.82918  0.200243  3.68659  0.26133  3.21263  8.57221  12.0462
1.61  0.725703  2.93976  1.95834  2.82918  -0.260939  3.68659  0.234161  3.21679  8.56461  12.0156
1.62  0.753995  2.93279  1.9952  2.82918  -0.696736  3.68659  0.170077  3.27876  8.54431  11.9931
1.63  0.782286  2.92209  2.03207  2.82918  -1.07011  3.68659  0.0956226  3.37672  8.51314  11.9855
1.64  0.810578  2.90859  2.06893  2.82918  -1.3496  3.68659  0.0431254  3.47714  8.47382  11.9941
1.65  0.83887  2.89347  2.1058  2.82918  -1.51197  3.68659  0.0431254  3.54613  8.42977  12.019
1.66  0.867162  2.87737  2.14267  2.82918  -1.61007  3.68659  0.0431254  3.59161  8.38286  12.0176
1.67  0.895454  2.86029  2.17953  2.82918  -1.70817  3.68659  0.0431254  3.63995  8.33309  12.0162
1.68  0.923746  2.84223  2.2164  2.82918  -1.80627  3.68659  0.0431254  3.69114  8.28047  12.0147
1.69  0.952037  2.82318  2.25326  2.82918  -1.90437  3.68659  0.0431254  3.7452  8.22499  12.0133
1.7  0.980329  2.80316  2.29013  2.82918  -2.00247  3.68659  0.0431254  3.80211  8.16665  12.0119
1.71  1.00862  2.78215  2.32699  2.82918  -2.10057  3.68659  0.0431254  3.86188  8.10545  12.0105
1.72  1.03691  2.76017  2.36386  2.82918  -2.19867  3.68659  0.0431254  3.9245  8.0414  12.009
1.73  1.0652  2.7372  2.40073  2.82918  -2.29677  3.68659  0.0431254  3.98999  7.97448  12.0076
1.74  1.0935  2.71325  2.43759  2.82918  -2.39487  3.68659  0.0431254  4.05833  7.90471  12.0062
1.75  1.12179  2.68832  2.47446  2.82918  -2.49297  3.68659  0.0431254  4.12953  7.83208  12.0047
1.76  1.15008  2.66241  2.51132  2.82918  -2.59107  3.68659  0.0431254  4.20359  7.75659  12.0033
1.77  1.17837  2.63552  2.54819  2.82918  -2.68917  3.68659  0.0431254  4.28051  7.67825  12.0019
1.78  1.20666  2.60765  2.58506  2.82918  -2.78727  3.68659  0.0431254  4.36028  7.59704  12.0005
1.79  1.23496  2.57879  2.62192  2.82918  -2.88537  3.68659  0.0431254  4.44291  7.51298  11.999
1.8  1.26325  2.54896  2.65879  2.82918  -2.98347  3.68659  0.0431254  4.5284  7.42606  11.9976
1.81  1.29154  2.51814  2.69565  2.82918  -3.08157  3.68659  0.0431254  4.61675  7.33629  11.9962
1.82  1.31983  2.48634  2.73252  2.82918  -3.17967  3.68659  0.0431254  4.70796  7.24365  11.9947
1.83  1.34812  2.45357  2.76939  2.82918  -3.27777  3.68659  0.0431254  4.80202  7.14816  11.9933
1.84  1.37641  2.41981  2.80625  2.82918  -3.37587  3.68659  0.0431254  4.89895  7.0498  11.9919
1.85  1.40471  2.38507  2.84312  2.82918  -3.47397  3.68659  0.0431254  4.99873  6.94859  11.9904
1.86  1.433  2.34935  2.87998  2.82918  -3.57207  3.68659  0.0431254  5.10137  6.84453  11.989
1.87  1.46129  2.31265  2.91685  2.82918  -3.67017  3.68659  0.0631355  5.20686  6.7376  12.0076
1.88  1.48958  2.27496  2.95203  2.82918  -3.76827  3.5179  0.370345  5.13475  6.62782  12.1329
1.89  1.51787  2.2363  2.98253  2.82918  -3.86637  3.04997  0.890665  4.78961  6.51517  12.1954
1.9  1.54617  2.19665  3.00578  2.82918  -3.96447  2.32478  1.44569  4.32491  6.39968  12.1703
1.91  1.57446  2.15603  3.01984  2.82918  -4.06257  1.40598  1.84786  3.93284  6.28132  12.062
1.92  1.60275  2.11442  3.02357  2.82918  -4.16067  0.373313  1.96306  3.77979  6.1601  11.903
1.93  1.63104  2.07183  3.01673  2.82918  -4.25877  -0.684269  1.75459  3.95127  6.03603  11.7419
1.94  1.65933  2.02827  2.99996  2.82918  -4.35687  -1.6763  1.29406  4.4245  5.9091  11.6277
1.95  1.68762  1.98372  2.97478  2.82918  -4.45497  -2.51853  0.736091  5.07748  5.77931  11.5929
1.96  1.71592  1.93818  2.94338  2.82918  -4.55307  -3.14005  0.2657  5.73092  5.64666  11.6433
1.97  1.74421  1.89167  2.90848  2.82918  -4.65117  -3.48927  0.0362672  6.20877  5.51115  11.7562
1.98  1.7725  1.84418  2.8731  2.82918  -4.74927  -3.53822  0.0362672  6.39678  5.37279  11.8058
1.99  1.80079  1.79571  2.83772  2.82918  -4.84737  -3.53822  0.0362672  6.53657  5.23156  11.8044
2  1.82908  1.74625  2.80234  2.82918  -4.94547  -3.53822  0.0362672  6.67922  5.08748  11.803
2.01  1.85738  1.69582  2.76696  2.82918  -5.04357  -3.53822  0.0362672  6.82473  4.94055  11.8015
2.02  1.88567  1.6444  2.73157  2.82918  -5.14167  -3.53822  0.0362672  6.9731  4.79075  11.8001
2.03  1.91396  1.592  2.69619  2.82918  -5.23977  -3.53822  0.0362672  7.12433  4.6381  11.7987
2.04  1.94225  1.53862  2.66081  2.82918  -5.33787  -3.53822  0.0362672  7.27841  4.48258  11.7973
2.05  1.97054  1.48426  2.62543  2.82918  -5.43597  -3.53822  0.0362672  7.43535  4.32421  11.7958
2.06  1.99884  1.42892  2.59005  2.82918  -5.53407  -3.53822  0.0362672  7.59515  4.16299  11.7944
2.07  2.02713  1.3726  2.55466  2.82918  -5.63217  -3.53822  0.0362672  7.75781  3.9989  11.793
2.08  2.05542  1.3153  2.51928  2.82918  -5.73027  -3.53822  0.0362672  7.92332  3.83196  11.7915
2.09  2.08371  1.25701  2.4839  2.82918  -5.82837  -3.53822  0.0362672  8.09169  3.66215  11.7901
2.1  2.112  1.19775  2.44852  2.82918  -5.92647  -3.53822  0.0362672  8.26293  3.48949  11.7887
2.11  2.14029  1.1375  2.41313  2.82918  -6.02457  -3.53822  0.0362672  8.43702  3.31397  11.7873
2.12  2.16859  1.07628  2.37775  2.82918  -6.12267  -3.53822  0.0362672  8.61396  3.1356  11.7858
2.13  2.19688  1.01407  2.34237  2.82918  -6.22077  -3.53822  0.0362672  8.79377  2.95436  11.7844
2.14  2.22517  0.950881  2.30699  2.82918  -6.31887  -3.53822  0.0362672  8.97643  2.77027  11.783
2.15  2.25346  0.886711  2.27161  2.82918  -6.41697  -3.53822  0.0362672  9.16195  2.58332  11.7815
2.16  2.28175  0.82156  2.23622  2.82918  -6.51507  -3.53822  0.0362672  9.35033  2.39351  11.7801
2.17  2.31005  0.755429  2.20084  2.82918  -6.61317  -3.53822  0.0362672  9.54157  2.20085  11.7787
2.18  2.33834  0.688316  2.16546  2.82918  -6.71127  -3.53822  0.0362672  9.73567  2.00532  11.7773
2.19  2.36663  0.620222  2.13008  2.82918  -6.80937  -3.53822  0.0362672  9.93262  1.80694  11.7758
2.2  2.39492  0.551147  2.09469  2.82918  -6.90747  -3.53822  0.0362672  10.1324  1.6057  11.7744
2.21  2.42321  0.481092  2.05931  2.82918  -7.00557  -3.53822  0.0362672  10.3351  1.4016  11.773
2.22  2.4515  0.410055  2.02393  2.82918  -7.10367  -3.53822  0.0362672  10.5406  1.19464  11.7715
2.23  2.4798  0.338037  1.98855  2.82918  -7.20177  -3.53822  0.0362672  10.749  0.984829  11.7701
2.24  2.50809  0.265038  1.95317  2.82918  -7.29987  -3.53822  0.0362672  10.9603  0.772156  11.7687
2.25  2.53638  0.191059  1.91778  2.82918  -7.39797  -3.53822  0.037043  11.1744  0.556625  11.768
2.26  2.56467  0.11736  1.8824  2.82918  -7.36991  -3.53822  0.892777  11.1128  0.341912  12.3475
2.27  2.59296  0.0502319  1.84702  2.82918  -6.71277  -3.53822  2.87075  9.73865  0.146344  12.7557
2.28  2.62126  -0.00463706  1.81164  2.82918  -5.4869  -3.53822  5.3362  7.51795  -0.0135095  12.8406
2.29  2.64955  -0.0426451  1.77626  2.82918  -3.8008  -3.53822  7.49158  5.1926  -0.124241  12.5599
2.3  2.67784  -0.0606603  1.74087  2.82918  -1.80153  -3.53822  8.64116  3.52943  -0.176726  11.9939
2.31  2.70613  -0.0572794  1.70549  2.82918  0.338095  -3.53822  8.41915  3.06447  -0.166876  11.3167
2.32  2.73442  -0.032935  1.67011  2.82918  2.43444  -3.53822  6.9061  3.92753  -0.0959518  10.7377
2.33  2.76271  0.0101532  1.63473  2.82918  4.30881  -3.53822  4.59647  5.80435  0.02958  10.4304
2.34  2.79101  0.0681798  1.59934  2.82918  5.80266  -3.53822  2.22999  8.04729  0.198633  10.4759
2.35  2.8193  0.13609  1.56396  2.82918  6.791  -3.53822  0.544761  9.89552  0.396481  10.8368
2.36  2.84759  0.208018  1.52858  2.82918  7.19285  -3.53822  0.544761  10.7299  0.606035  11.8807
2.37  2.87588  0.278966  1.4932  2.82918  7.09475  -3.53822  0.544761  10.5218  0.812732  11.8793
2.38  2.90417  0.348932  1.45782  2.82918  6.99665  -3.53822  0.529191  10.3166  1.01657  11.8623
2.39  2.93192  0.417918  1.42243  2.7745  6.89855  -3.53822  0.656149  10.0686  1.21755  11.9423
2.4  2.95675  0.485922  1.38705  2.48328  6.80045  -3.53822  0.93532  9.64173  1.41567  11.9927
2.41  2.97657  0.552946  1.35167  1.982  6.70235  -3.53822  1.27034  9.11266  1.61094  11.9939
2.42  2.98972  0.618989  1.31629  1.31486  6.60425  -3.53822  1.54756  8.59223  1.80334  11.9431
2.43  2.99512  0.68405  1.2809  0.539955  6.50615  -3.53822  1.6741  8.18782  1.99289  11.8548
2.44  2.99236  0.748131  1.24552  -0.275839  6.40805  -3.53822  1.60853  7.96771  2.17958  11.7558
2.45  2.98174  0.81123  1.21014  -1.06259  6.30995  -3.53822  1.37399  7.93881  2.36342  11.6762
2.46  2.9642  0.873349  1.17476  -1.75331  6.21185  -3.53822  1.04958  8.04522  2.54439  11.6392
2.47  2.94131  0.934486  1.13938  -2.28968  6.11375  -3.53822  0.743294  8.18768  2.72251  11.6535
2.48  2.91504  0.994643  1.10399  -2.62693  6.01565  -3.53822  0.555646  8.25721  2.89777  11.7106
2.49  2.88766  1.05382  1.06861  -2.73763  5.91755  -3.53822  0.555646  8.17155  3.07017  11.7974
2.5  2.86028  1.11201  1.03323  -2.73763  5.81945  -3.53822  0.555646  8.00058  3.23971  11.7959
2.51  2.83291  1.16923  0.997847  -2.73763  5.72135  -3.53822  0.555646  7.83247  3.40639  11.7945
2.52  2.80553  1.22546  0.962465  -2.73763  5.62325  -3.53822  0.555646  7.66721  3.57022  11.7931
2.53  2.77815  1.28071  0.927083  -2.73763  5.52515  -3.53822  0.555646  7.50482  3.73119  11.7917
2.54  2.75078  1.33498  0.8917  -2.73763  5.42705  -3.53822  0.555646  7.34528  3.8893  11.7902
2.55  2.7234  1.38827  0.856318  -2.73763  5.32895  -3.53822  0.555646  7.1886  4.04455  11.7888
2.56  2.69603  1.44058  0.820936  -2.73763  5.23085  -3.53822  0.555646  7.03477  4.19694  11.7874
2.57  2.66865  1.49191  0.785554  -2.73763  5.13275  -3.53822  0.555646  6.88381  4.34648  11.7859
2.58  2.64127  1.54225  0.750172  -2.73763  5.03465  -3.53822  0.555646  6.7357  4.49316  11.7845
2.59  2.6139  1.59162  0.714789  -2.73763  4.93655  -3.53822  0.555646  6.59045  4.63698  11.7831
2.6  2.58652  1.64  0.679407  -2.73763  4.83845  -3.53822  0.555646  6.44806  4.77794  11.7816
2.61  2.55914  1.68741  0.644025  -2.73763  4.74035  -3.53822  0.555646  6.30853  4.91605  11.7802
2.62  2.53177  1.73383  0.608643  -2.73763  4.64225  -3.53822  0.555646  6.17185  5.05129  11.7788
2.63  2.50439  1.77927  0.573261  -2.73763  4.54415  -3.53822  0.555646  6.03803  5.18368  11.7774
2.64  2.47702  1.82373  0.537879  -2.73763  4.44605  -3.53822  0.555646  5.90708  5.31321  11.7759
2.65  2.44964  1.86721  0.502496  -2.73763  4.34795  -3.53822  0.555646  5.77897  5.43988  11.7745
2.66  2.42226  1.90971  0.467114  -2.73763  4.24985  -3.53822  0.555646  5.65373  5.5637  11.7731
2.67  2.39489  1.95123  0.431732  -2.73763  4.15175  -3.53822  0.555646  5.53135  5.68465  11.7716
2.68  2.36751  1.99176  0.39635  -2.73763  4.05365  -3.53822  0.555646  5.41182  5.80275  11.7702
2.69  2.34013  2.03132  0.360968  -2.73763  3.95555  -3.53822  0.555646  5.29515  5.91799  11.7688
2.7  2.31276  2.06989  0.325585  -2.73763  3.85745  -3.53822  0.555646  5.18134  6.03037  11.7674
2.71  2.28538  2.10749  0.290203  -2.73763  3.75935  -3.53822  0.555646  5.07039  6.1399  11.7659
2.72  2.25801  2.1441  0.254821  -2.73763  3.66125  -3.53822  0.555646  4.96229  6.24656  11.7645
2.73  2.23063  2.17973  0.219439  -2.73763  3.56315  -3.53822  0.555646  4.85705  6.35037  11.7631
2.74  2.20325  2.21438  0.184057  -2.73763  3.46505  -3.53822  0.578745  4.75468  6.45132  11.7847
2.75  2.17588  2.24805  0.150274  -2.73763  3.36695  -3.37826  0.860015  4.49087  6.54941  11.9003
2.76  2.1485  2.28074  0.120965  -2.73763  3.26885  -2.93094  1.33849  3.97513  6.64465  11.9583
2.77  2.12112  2.31245  0.098601  -2.73763  3.17075  -2.23637  1.85009  3.34839  6.73702  11.9355
2.78  2.09375  2.34317  0.0850456  -2.73763  3.07265  -1.35554  2.22192  2.78764  6.82654  11.8361
2.79  2.06637  2.37292  0.0813966  -2.73763  2.97455  -0.364897  2.32997  2.44648  6.9132  11.6896
2.8  2.039  2.40168  0.0878989  -2.73763  2.87645  0.65023  2.13978  2.40426  6.997  11.541
2.81  2.01162  2.42947  0.103929  -2.73763  2.77835  1.603  1.7167  2.64066  7.07795  11.4353
2.82  1.98424  2.45627  0.128054  -2.73763  2.68025  2.41249  1.20279  3.04381  7.15603  11.4026
2.83  1.95687  2.48209  0.158159  -2.73763  2.58215  3.01054  0.768474  3.44875  7.23126  11.4485
2.84  1.92949  2.50693  0.191634  -2.73763  2.48405  3.34751  0.555391  3.69309  7.30363  11.5521
2.85  1.90211  2.53079  0.225598  -2.73763  2.38595  3.3964  0.555391  3.6711  7.37314  11.5996
2.86  1.87474  2.55367  0.259562  -2.73763  2.28785  3.3964  0.555391  3.60302  7.43979  11.5982
2.87  1.84736  2.57557  0.293526  -2.73763  2.18975  3.3964  0.555391  3.53779  7.50359  11.5968
2.88  1.81999  2.59648  0.32749  -2.73763  2.09165  3.3964  0.555391  3.47543  7.56453  11.5953
2.89  1.79261  2.61642  0.361454  -2.73763  1.99355  3.3964  0.555391  3.41592  7.62261  11.5939
2.9  1.76523  2.63537  0.395418  -2.73763  1.89545  3.3964  0.555391  3.35927  7.67783  11.5925
2.91  1.73786  2.65335  0.429382  -2.73763  1.79735  3.3964  0.555391  3.30547  7.73019  11.5911
2.92  1.71048  2.67034  0.463346  -2.73763  1.69925  3.3964  0.555391  3.25454  7.7797  11.5896
2.93  1.6831  2.68635  0.49731  -2.73763  1.60115  3.3964  0.555391  3.20646  7.82635  11.5882
2.94  1.65573  2.70138  0.531274  -2.73763  1.50305  3.3964  0.555391  3.16124  7.87014  11.5868
2.95  1.62835  2.71543  0.565238  -2.73763  1.40495  3.3964  0.555391  3.11888  7.91107  11.5853
2.96  1.60098  2.7285  0.599202  -2.73763  1.30685  3.3964  0.555391  3.07938  7.94914  11.5839
2.97  1.5736  2.74059  0.633166  -2.73763  1.20875  3.3964  0.555391  3.04274  7.98436  11.5825
2.98  1.54622  2.75169  0.66713  -2.73763  1.11065  3.3964  0.555391  3.00895  8.01671  11.5811
2.99  1.51885  2.76182  0.701094  -2.73763  1.01255  3.3964  0.555391  2.97802  8.04621  11.5796
3  1.49147  2.77096  0.735058  -2.73763  0.914453  3.3964  0.555391  2.94995  8.07285  11.5782
3.01  1.46409  2.77913  0.769022  -2.73763  0.816353  3.3964  0.555391  2.92474  8.09664  11.5768
3.02  1.43672  2.78631  0.802986  -2.73763  0.718253  3.3964  0.555391  2.90238  8.11756  11.5753
3.03  1.40934  2.79251  0.83695  -2.73763  0.620153  3.3964  0.555391  2.88289  8.13563  11.5739
3.04  1.38197  2.79773  0.870914  -2.73763  0.522053  3.3964  0.555391  2.86625  8.15084  11.5725
3.05  1.35459  2.80197  0.904878  -2.73763  0.423953  3.3964  0.555391  2.85247  8.16319  11.5711
3.06  1.32721  2.80523  0.938842  -2.73763  0.325853  3.3964  0.555391  2.84155  8.17268  11.5696
3.07  1.29984  2.80751  0.972806  -2.73763  0.227753  3.3964  0.555391  2.83348  8.17932  11.5682
3.08  1.27246  2.8088  1.00677  -2.73763  0.129653  3.3964  0.555391  2.82828  8.1831  11.5668
3.09  1.24508  2.80912  1.04073  -2.73763  0.0315527  3.3964  0.555391  2.82593  8.18402  11.5653
3.1  1.21771  2.80845  1.0747  -2.73763  -0.0665473  3.3964  0.555391  2.82644  8.18208  11.5639
3.11  1.19033  2.80681  1.10866  -2.73763  -0.164647  3.3964  0.555391  2.82981  8.17728  11.5625
3.12  1.16296  2.80418  1.14263  -2.73763  -0.262747  3.3964  0.555391  2.83603  8.16963  11.561
3.13  1.13558  2.80057  1.17659  -2.73763  -0.360847  3.3964  0.555391  2.84512  8.15911  11.5596
3.14  1.1082  2.79598  1.21055  -2.73763  -0.458947  3.3964  0.555391  2.85706  8.14574  11.5582
3.15  1.08083  2.79041  1.24452  -2.73763  -0.557047  3.3964  0.555391  2.87186  8.12951  11.5568
3.16  1.05345  2.78386  1.27848  -2.73763  -0.655147  3.3964  0.555391  2.88952  8.11043  11.5553
3.17  1.02607  2.77633  1.31245  -2.73763  -0.753247  3.3964  0.555391  2.91003  8.08848  11.5539
3.18  0.998698  2.76781  1.34641  -2.73763  -0.851347  3.3964  0.555391  2.9334  8.06368  11.5525
3.19  0.971322  2.75832  1.38037  -2.73763  -0.949447  3.3964  0.555391  2.95964  8.03602  11.551
3.2  0.943946  2.74784  1.41434  -2.73763  -1.04755  3.3964  0.555391  2.98873  8.0055  11.5496
3.21  0.91657  2.73639  1.4483  -2.73763  -1.14565  3.3964  0.555391  3.02067  7.97212  11.5482
3.22  0.889193  2.72395  1.48227  -2.73763  -1.24375  3.3964  0.555391  3.05548  7.93589  11.5468
3.23  0.861817  2.71053  1.51623  -2.73763  -1.34185  3.3964  0.555391  3.09314  7.89679  11.5453
3.24  0.834441  2.69613  1.55019  -2.73763  -1.43995  3.3964  0.555391  3.13367  7.85484  11.5439
3.25  0.807065  2.68075  1.58416  -2.73763  -1.53805  3.3964  0.555391  3.17705  7.81003  11.5425
3.26  0.779688  2.66439  1.61812  -2.73763  -1.63615  3.3964  0.555391  3.22329  7.76237  11.541
3.27  0.752312  2.64705  1.65209  -2.73763  -1.73425  3.3964  0.555391  3.27238  7.71184  11.5396
3.28  0.724936  2.62872  1.68605  -2.73763  -1.83235  3.3964  0.555391  3.32434  7.65846  11.5382
3.29  0.69756  2.60942  1.72001  -2.73763  -1.93045  3.3964  0.555391  3.37915  7.60222  11.5368
3.3  0.670183  2.58913  1.75398  -2.73763  -2.02855  3.3964  0.555391  3.43682  7.54312  11.5353
3.31  0.642807  2.56787  1.78794  -2.73763  -2.12665  3.3964  0.555391  3.49735  7.48116  11.5339
3.32  0.615431  2.54562  1.82191  -2.73763  -2.22475  3.3964  0.555391  3.56073  7.41635  11.5325
3.33  0.588055  2.52239  1.85587  -2.73763  -2.32285  3.3964  0.555391  3.62698  7.34867  11.531
3.34  0.560678  2.49818  1.88983  -2.73763  -2.42095  3.3964  0.555391  3.69608  7.27814  11.5296
3.35  0.533302  2.47299  1.9238  -2.73763  -2.51905  3.3964  0.555391  3.76804  7.20475  11.5282
3.36  0.505926  2.44682  1.95776  -2.73763  -2.61715  3.3964  0.555391  3.84286  7.1285  11.5268
3.37  0.47855  2.41967  1.99172  -2.73763  -2.71525  3.3964  0.555391  3.92053  7.0494  11.5253
3.38  0.451173  2.39154  2.02569  -2.73763  -2.81335  3.3964  0.555391  4.00107  6.96744  11.5239
3.39  0.423797  2.36242  2.05965  -2.73763  -2.91145  3.3964  0.555391  4.08446  6.88261  11.5225
3.4  0.396421  2.33233  2.09362  -2.73763  -3.00955  3.3964  0.555391  4.17071  6.79494  11.521
3.41  0.369045  2.30125  2.12758  -2.73763  -3.10765  3.3964  0.555391  4.25982  6.7044  11.5196
3.42  0.341668  2.26919  2.16154  -2.73763  -3.20575  3.3964  0.555391  4.35178  6.611  11.5182
3.43  0.314292  2.23615  2.19551  -2.73763  -3.30385  3.3964  0.555391  4.44661  6.51475  11.5167
3.44  0.286916  2.20213  2.22947  -2.73763  -3.40195  3.3964  0.555391  4.54429  6.41564  11.5153
3.45  0.25954  2.16713  2.26344  -2.73763  -3.50005  3.3964  0.555391  4.64483  6.31367  11.5139
3.46  0.232163  2.13115  2.2974  -2.73763  -3.59815  3.3964  0.555391  4.74823  6.20884  11.5125
3.47  0.204787  2.09419  2.33136  -2.73763  -3.69625  3.3964  0.555391  4.85449  6.10116  11.511
3.48  0.177411  2.05625  2.36533  -2.73763  -3.79435  3.3964  0.591423  4.9636  5.99061  11.5456
3.49  0.152148  2.01732  2.39929  -2.52632  -3.89245  3.3964  0.817046  4.91041  5.87721  11.6047
3.5  0.13114  1.97742  2.43326  -2.10072  -3.99055  3.3964  1.1279  4.73283  5.76095  11.6217
3.51  0.116154  1.93653  2.46722  -1.49863  -4.08865  3.3964  1.41804  4.52872  5.64183  11.5886
3.52  0.108428  1.89466  2.50118  -0.772641  -4.18675  3.3964  1.58988  4.40441  5.51986  11.5142
3.53  0.108572  1.85181  2.53515  0.014434  -4.28485  3.3964  1.58653  4.4392  5.39502  11.4208
3.54  0.116522  1.80798  2.56911  0.794976  -4.38295  3.3964  1.41024  4.65928  5.26733  11.3369
3.55  0.131546  1.76317  2.60308  1.50238  -4.48105  3.3964  1.12084  5.02972  5.13678  11.2873
3.56  0.152313  1.71738  2.63704  2.07675  -4.57915  3.3964  0.815042  5.46696  5.00337  11.2854
3.57  0.177012  1.67061  2.671  2.46993  -4.67725  3.3964  0.593725  5.86724  4.86711  11.3281
3.58  0.203508  1.62286  2.70497  2.64957  -4.77535  3.3964  0.593725  6.1415  4.72799  11.4632
3.59  0.230004  1.57412  2.73893  2.64957  -4.87345  3.3964  0.593725  6.28205  4.586  11.4618
3.6  0.256499  1.52441  2.7729  2.64957  -4.97155  3.3964  0.593725  6.42546  4.44116  11.4604
3.61  0.282995  1.47371  2.80686  2.64957  -5.06965  3.3964  0.593725  6.57173  4.29347  11.4589
3.62  0.309491  1.42203  2.84082  2.64957  -5.16775  3.3964  0.593725  6.72086  4.14291  11.4575
3.63  0.335987  1.36937  2.87479  2.64957  -5.26585  3.3964  0.593725  6.87284  3.9895  11.4561
3.64  0.362482  1.31573  2.90875  2.64957  -5.36395  3.3964  0.594564  7.02769  3.83322  11.4555
3.65  0.388978  1.26111  2.94174  2.64957  -5.46205  3.2988  0.805742  7.08835  3.67409  11.5682
3.66  0.415474  1.20551  2.97094  2.64957  -5.56015  2.92019  1.22293  6.89929  3.51211  11.6343
3.67  0.441969  1.14893  2.99389  2.64957  -5.65825  2.2948  1.70251  6.57842  3.34726  11.6282
3.68  0.468465  1.09137  3.00867  2.64957  -5.75635  1.47769  2.08199  6.28696  3.17956  11.5485
3.69  0.494961  1.03282  3.01407  2.64957  -5.85445  0.539905  2.23446  6.17515  3.009  11.4186
3.7  0.521456  0.973296  3.00969  2.64957  -5.95255  -0.437659  2.1103  6.33229  2.83558  11.2782
3.71  0.547952  0.91279  2.99598  2.64957  -6.05065  -1.37127  1.75274  6.75792  2.6593  11.17
3.72  0.574448  0.851302  2.97416  2.64957  -6.14875  -2.18151  1.28216  7.36307  2.48016  11.1254
3.73  0.600944  0.788834  2.94616  2.64957  -6.24685  -2.80003  0.855013  8.00116  2.29817  11.1543
3.74  0.627439  0.725384  2.91441  2.64957  -6.34495  -3.17532  0.611172  8.51757  2.11332  11.2421
3.75  0.653935  0.660954  2.88164  2.64957  -6.44305  -3.27695  0.611172  8.80122  1.92561  11.338
3.76  0.680431  0.595542  2.84887  2.64957  -6.54115  -3.27695  0.611172  8.99036  1.73504  11.3366
3.77  0.706926  0.52915  2.8161  2.64957  -6.63925  -3.27695  0.611172  9.18236  1.54161  11.3351
3.78  0.733422  0.461776  2.78333  2.64957  -6.73735  -3.27695  0.611172  9.37722  1.34533  11.3337
3.79  0.759918  0.393422  2.75056  2.64957  -6.83545  -3.27695  0.611172  9.57493  1.14618  11.3323
3.8  0.786413  0.324086  2.71779  2.64957  -6.93355  -3.27695  0.611172  9.7755  0.944184  11.3309
3.81  0.812909  0.25377  2.68502  2.64957  -7.03165  -3.27695  0.611172  9.97893  0.739326  11.3294
3.82  0.839405  0.182472  2.65225  2.64957  -7.12975  -3.27695  0.132268  10.1852  0.53161  10.8491
3.83  0.865901  0.112171  2.61948  2.64957  -7.03018  -3.27695  1.07134  9.97586  0.326795  11.374
3.84  0.892396  0.0488604  2.58671  2.64957  -6.33102  -3.27695  2.98949  8.58873  0.142349  11.7206
3.85  0.918892  -0.00209972  2.55394  2.64957  -5.09601  -3.27695  5.27176  6.49316  -0.00611726  11.7588
3.86  0.945388  -0.0364418  2.52117  2.64957  -3.43421  -3.27695  7.1812  4.38824  -0.106169  11.4633
3.87  0.971883  -0.0513455  2.4884  2.64957  -1.49037  -3.27695  8.1029  2.96681  -0.149589  10.9201
3.88  0.998379  -0.0456692  2.45563  2.64957  0.567625  -3.27695  7.74522  2.68482  -0.133052  10.297
3.89  1.02487  -0.0200363  2.42287  2.64957  2.5633  -3.27695  6.23173  3.61263  -0.0583731  9.78599
3.9  1.05137  0.0232304  2.3901  2.64957  4.32667  -3.27695  4.05503  5.41672  0.0676789  9.53943
3.91  1.07787  0.0803178  2.35733  2.64957  5.70874  -3.27695  1.90936  7.47622  0.233996  9.61958
3.92  1.10436  0.146259  2.32456  2.64957  6.59407  -3.27695  0.459491  9.09359  0.426106  9.97919
3.93  1.13086  0.215363  2.29179  2.64957  6.91043  -3.27695  0.459491  9.72797  0.627432  10.8149
3.94  1.15735  0.283486  2.25902  2.64957  6.81233  -3.27695  0.459491  9.52807  0.825901  10.8135
3.95  1.18385  0.350628  2.22625  2.64957  6.71423  -3.27695  0.459491  9.33103  1.02151  10.812
3.96  1.21034  0.41679  2.19348  2.64957  6.61613  -3.27695  0.459491  9.13685  1.21426  10.8106
3.97  1.23684  0.48197  2.16071  2.64957  6.51803  -3.27695  0.459491  8.94553  1.40416  10.8092
3.98  1.26334  0.546169  2.12794  2.64957  6.41993  -3.27695  0.459491  8.75706  1.59119  10.8077
3.99  1.28983  0.609387  2.09517  2.64957  6.32183  -3.27695  0.459491  8.57145  1.77537  10.8063
4  1.31633  0.671625  2.0624  2.64957  6.22373  -3.27695  0.459491  8.38871  1.95669  10.8049
4.01  1.34282  0.732881  2.02963  2.64957  6.12563  -3.27695  0.459491  8.20881  2.13516  10.8035
4.02  1.36932  0.793156  1.99686  2.64957  6.02753  -3.27695  0.459491  8.03178  2.31076  10.802
4.03  1.39581  0.85245  1.96409  2.64957  5.92943  -3.27695  0.459491  7.85761  2.48351  10.8006
4.04  1.42231  0.910764  1.93132  2.64957  5.83133  -3.27695  0.459491  7.68629  2.6534  10.7992
4.05  1.44881  0.968096  1.89855  2.64957  5.73323  -3.27695  0.459491  7.51783  2.82043  10.7977
4.06  1.4753  1.02445  1.86578  2.64957  5.63513  -3.27695  0.459491  7.35223  2.9846  10.7963
4.07  1.5018  1.07982  1.83301  2.64957  5.53703  -3.27695  0.459491  7.18948  3.14591  10.7949
4.08  1.52829  1.13421  1.80024  2.64957  5.43893  -3.27695  0.459491  7.0296  3.30437  10.7935
4.09  1.55479  1.18761  1.76748  2.64957  5.34083  -3.27695  0.459491  6.87257  3.45997  10.792
4.1  1.58128  1.24004  1.73471  2.64957  5.24273  -3.27695  0.459491  6.7184  3.61271  10.7906
4.11  1.60778  1.29149  1.70194  2.64957  5.14463  -3.27695  0.459491  6.56709  3.76259  10.7892
4.12  1.63428  1.34195  1.66917  2.64957  5.04653  -3.27695  0.459491  6.41864  3.90961  10.7877
4.13  1.66077  1.39144  1.6364  2.64957  4.94843  -3.27695  0.459491  6.27304  4.05378  10.7863
4.14  1.68727  1.43994  1.60363  2.64957  4.85033  -3.27695  0.459491  6.13031  4.19509  10.7849
4.15  1.71376  1.48746  1.57086  2.64957  4.75223  -3.27695  0.459491  5.99043  4.33354  10.7835
4.16  1.74026  1.534  1.53809  2.64957  4.65413  -3.27695  0.459491  5.85341  4.46913  10.782
4.17  1.76675  1.57957  1.50532  2.64957  4.55603  -3.27695  0.459491  5.71924  4.60186  10.7806
4.18  1.79325  1.62414  1.47255  2.64957  4.45793  -3.27695  0.459491  5.58794  4.73174  10.7792
4.19  1.81975  1.66774  1.43978  2.64957  4.35983  -3.27695  0.459491  5.45949  4.85876  10.7777
4.2  1.84624  1.71036  1.40701  2.64957  4.26173  -3.27695  0.459491  5.3339  4.98292  10.7763
4.21  1.87274  1.752  1.37424  2.64957  4.16363  -3.27695  0.459491  5.21117  5.10422  10.7749
4.22  1.89923  1.79265  1.34147  2.64957  4.06553  -3.27695  0.459491  5.0913  5.22266  10.7735
4.23  1.92573  1.83233  1.3087  2.64957  3.96743  -3.27695  0.459491  4.97428  5.33825  10.772
4.24  1.95222  1.87102  1.27593  2.64957  3.86933  -3.27695  0.459491  4.86013  5.45098  10.7706
4.25  1.97872  1.90873  1.24316  2.64957  3.77123  -3.27695  0.459491  4.74883  5.56085  10.7692
4.26  2.00522  1.94546  1.21039  2.64957  3.67313  -3.27695  0.459491  4.64039  5.66786  10.7677
4.27  2.03171  1.98121  1.17762  2.64957  3.57503  -3.27695  0.459491  4.5348  5.77201  10.7663
4.28  2.05821  2.01598  1.14485  2.64957  3.47693  -3.27695  0.459491  4.43208  5.87331  10.7649
4.29  2.0847  2.04977  1.11208  2.64957  3.37883  -3.27695  0.459491  4.33221  5.97175  10.7634
4.3  2.1112  2.08258  1.07932  2.64957  3.28073  -3.27695  0.459491  4.2352  6.06733  10.762
4.31  2.13769  2.1144  1.04655  2.64957  3.18263  -3.27695  0.459491  4.14105  6.16005  10.7606
4.32  2.16419  2.14525  1.01378  2.64957  3.08453  -3.27695  0.459491  4.04976  6.24991  10.7592
4.33  2.19069  2.17511  0.981007  2.64957  2.98643  -3.27695  0.459491  3.96132  6.33692  10.7577
4.34  2.21718  2.204  0.948237  2.64957  2.88833  -3.27695  0.459491  3.87575  6.42107  10.7563
4.35  2.24368  2.2319  0.915468  2.64957  2.79023  -3.27695  0.459491  3.79303  6.50236  10.7549
4.36  2.27017  2.25882  0.882698  2.64957  2.69213  -3.27695  0.459491  3.71317  6.58079  10.7534
4.37  2.29667  2.28476  0.849929  2.64957  2.59403  -3.27695  0.459491  3.63616  6.65636  10.752
4.38  2.32316  2.30972  0.817159  2.64957  2.49593  -3.27695  0.459491  3.56202  6.72908  10.7506
4.39  2.34966  2.3337  0.78439  2.64957  2.39783  -3.27695  0.459491  3.49073  6.79893  10.7492
4.4  2.37616  2.3567  0.75162  2.64957  2.29973  -3.27695  0.459491  3.4223  6.86593  10.7477
4.41  2.40265  2.37871  0.718851  2.64957  2.20163  -3.27695  0.459491  3.35673  6.93008  10.7463
4.42  2.42915  2.39975  0.686081  2.64957  2.10353  -3.27695  0.459491  3.29402  6.99136  10.7449
4.43  2.45564  2.4198  0.653312  2.64957  2.00543  -3.27695  0.459491  3.23417  7.04978  10.7434
4.44  2.48214  2.43887  0.620542  2.64957  1.90733  -3.27695  0.459491  3.17717  7.10535  10.742
4.45  2.50863  2.45697  0.587773  2.64957  1.80923  -3.27695  0.459491  3.12303  7.15806  10.7406
4.46  2.53513  2.47408  0.555003  2.64957  1.71113  -3.27695  0.459491  3.07175  7.20791  10.7392
4.47  2.56163  2.49021  0.522234  2.64957  1.61303  -3.27695  0.459491  3.02333  7.25491  10.7377
4.48  2.58812  2.50536  0.489464  2.64957  1.51493  -3.27695  0.459491  2.97776  7.29904  10.7363
4.49  2.61462  2.51953  0.456695  2.64957  1.41683  -3.27695  0.459491  2.93506  7.34032  10.7349
4.5  2.64111  2.53271  0.423925  2.64957  1.31873  -3.27695  0.459491  2.89521  7.37874  10.7334
4.51  2.66761  2.54492  0.391155  2.64957  1.22063  -3.27695  0.459491  2.85822  7.4143  10.732
4.52  2.6941  2.55614  0.358386  2.64957  1.12253  -3.27695  0.459491  2.82409  7.447  10.7306
4.53  2.7206  2.56639  0.325616  2.64957  1.02443  -3.27695  0.459491  2.79281  7.47685  10.7292
4.54  2.7471  2.57565  0.292847  2.64957  0.926326  -3.27695  0.459491  2.7644  7.50384  10.7277
4.55  2.77359  2.58393  0.260077  2.64957  0.828226  -3.27695  0.459491  2.73884  7.52797  10.7263
4.56  2.80009  2.59124  0.227308  2.64957  0.730126  -3.27695  0.459491  2.71614  7.54924  10.7249
4.57  2.82658  2.59756  0.194538  2.64957  0.632026  -3.27695  0.436953  2.69629  7.56765  10.7009
4.58  2.85308  2.60289  0.162456  2.64957  0.533926  -3.20825  0.611882  2.61315  7.58321  10.8082
4.59  2.87957  2.60725  0.133795  2.64957  0.435826  -2.86608  0.988881  2.2904  7.5959  10.8752
4.6  2.90607  2.61063  0.11098  2.64957  0.337726  -2.2815  1.37556  1.8323  7.60574  10.8136
4.61  2.93187  2.61303  0.0959194  2.5799  0.239626  -1.50606  1.86837  1.33367  7.61272  10.8148
4.62  2.95477  2.61444  0.0898469  2.29042  0.141526  -0.607249  2.28491  0.836714  7.61685  10.7385
4.63  2.97285  2.61488  0.0932205  1.80733  0.0434263  0.337359  2.48455  0.502214  7.61811  10.6049
4.64  2.98458  2.61433  0.105689  1.17318  -0.0546737  1.2468  2.40083  0.435647  7.61652  10.453
4.65  2.98901  2.6128  0.126125  0.443125  -0.152774  2.04366  2.06258  0.6528  7.61207  10.3274
4.66  2.98581  2.61029  0.152732  -0.319846  -0.250874  2.66066  1.58303  1.07572  7.60476  10.2635
4.67  2.97531  2.6068  0.183195  -1.05037  -0.348974  3.04634  1.121  1.55992  7.59459  10.2755
4.68  2.95844  2.60233  0.214888  -1.68629  -0.447074  3.1693  0.835042  1.94343  7.58157  10.36
4.69  2.9367  2.59688  0.246581  -2.17395  -0.545174  3.1693  0.572788  2.23741  7.56568  10.3759
4.7  2.91198  2.59045  0.278274  -2.4727  -0.643274  3.1693  0.420168  2.46086  7.54694  10.428
4.71  2.88639  2.58303  0.309967  -2.55832  -0.741374  3.1693  0.420168  2.54499  7.52534  10.4905
4.72  2.86081  2.57464  0.34166  -2.55832  -0.839474  3.1693  0.420168  2.56802  7.50089  10.4891
4.73  2.83523  2.56526  0.373353  -2.55832  -0.937574  3.1693  0.420168  2.5939  7.47357  10.4876
4.74  2.80964  2.55491  0.405046  -2.55832  -1.03567  3.1693  0.420168  2.62265  7.4434  10.4862
4.75  2.78406  2.54357  0.43674  -2.55832  -1.13377  3.1693  0.420168  2.65425  7.41037  10.4848
4.76  2.75848  2.53125  0.468433  -2.55832  -1.23187  3.1693  0.420168  2.68871  7.37448  10.4834
4.77  2.7329  2.51795  0.500126  -2.55832  -1.32997  3.1693  0.420168  2.72603  7.33573  10.4819
4.78  2.70731  2.50367  0.531819  -2.55832  -1.42807  3.1693  0.420168  2.7662  7.29413  10.4805
4.79  2.68173  2.48841  0.563512  -2.55832  -1.52617  3.1693  0.420168  2.80924  7.24966  10.4791
4.8  2.65615  2.47217  0.595205  -2.55832  -1.62427  3.1693  0.420168  2.85513  7.20234  10.4776
4.81  2.63056  2.45494  0.626898  -2.55832  -1.72237  3.1693  0.420168  2.90388  7.15216  10.4762
4.82  2.60498  2.43674  0.658591  -2.55832  -1.82047  3.1693  0.420168  2.95549  7.09913  10.4748
4.83  2.5794  2.41755  0.690284  -2.55832  -1.91857  3.1693  0.420168  3.00995  7.04323  10.4734
4.84  2.55381  2.39738  0.721977  -2.55832  -2.01667  3.1693  0.420168  3.06728  6.98448  10.4719
4.85  2.52823  2.37624  0.75367  -2.55832  -2.11477  3.1693  0.420168  3.12746  6.92287  10.4705
4.86  2.50265  2.35411  0.785363  -2.55832  -2.21287  3.1693  0.420168  3.1905  6.8584  10.4691
4.87  2.47706  2.331  0.817056  -2.55832  -2.31097  3.1693  0.420168  3.2564  6.79107  10.4676
4.88  2.45148  2.30691  0.848749  -2.55832  -2.40907  3.1693  0.420168  3.32516  6.72088  10.4662
4.89  2.4259  2.28184  0.880442  -2.55832  -2.50717  3.1693  0.420168  3.39677  6.64784  10.4648
4.9  2.40031  2.25578  0.912135  -2.55832  -2.60527  3.1693  0.420168  3.47124  6.57194  10.4633
4.91  2.37473  2.22875  0.943828  -2.55832  -2.70337  3.1693  0.420168  3.54857  6.49318  10.4619
4.92  2.34915  2.20073  0.975521  -2.55832  -2.80147  3.1693  0.420168  3.62876  6.41156  10.4605
4.93  2.32356  2.17174  1.00721  -2.55832  -2.89957  3.1693  0.420168  3.71181  6.32709  10.4591
4.94  2.29798  2.14176  1.03891  -2.55832  -2.99767  3.1693  0.420168  3.79771  6.23975  10.4576
4.95  2.2724  2.1108  1.0706  -2.55832  -3.09577  3.1693  0.420168  3.88647  6.14956  10.4562
4.96  2.24681  2.07887  1.10229  -2.55832  -3.19387  3.1693  0.420168  3.9781  6.05651  10.4548
4.97  2.22123  2.04595  1.13399  -2.55832  -3.29197  3.1693  0.420168  4.07257  5.96061  10.4533
4.98  2.19565  2.01205  1.16568  -2.55832  -3.39007  3.1693  0.420168  4.16991  5.86184  10.4519
4.99  2.17006  1.97716  1.19737  -2.55832  -3.48817  3.1693  0.420168  4.2701  5.76022  10.4505
5  2.14448  1.9413  1.22907  -2.55832  -3.58627  3.1693  0.420168  4.37316  5.65574  10.4491
5.01  2.1189  1.90446  1.26076  -2.55832  -3.68437  3.1693  0.420168  4.47907  5.5484  10.4476
5.02  2.09332  1.86663  1.29245  -2.55832  -3.78247  3.1693  0.420168  4.58784  5.4382  10.4462
5.03  2.06773  1.82783  1.32414  -2.55832  -3.88057  3.1693  0.420168  4.69946  5.32514  10.4448
5.04  2.04215  1.78804  1.35584  -2.55832  -3.97867  3.1693  0.420168  4.81395  5.20923  10.4433
5.05  2.01657  1.74727  1.38753  -2.55832  -4.07677  3.1693  0.420168  4.93129  5.09046  10.4419
5.06  1.99098  1.70552  1.41922  -2.55832  -4.17487  3.1693  0.420168  5.05149  4.96883  10.4405
5.07  1.9654  1.66279  1.45092  -2.55832  -4.27297  3.1693  0.420168  5.17455  4.84434  10.4391
5.08  1.93982  1.61908  1.48261  -2.55832  -4.37107  3.1693  0.420168  5.30047  4.71699  10.4376
5.09  1.91423  1.57439  1.5143  -2.55832  -4.46917  3.1693  0.420168  5.42924  4.58679  10.4362
5.1  1.88865  1.52872  1.546  -2.55832  -4.56727  3.1693  0.420168  5.56087  4.45373  10.4348
5.11  1.86307  1.48206  1.57769  -2.55832  -4.66537  3.1693  0.420168  5.69536  4.31781  10.4333
5.12  1.83748  1.43443  1.60938  -2.55832  -4.76347  3.1693  0.420168  5.83271  4.17903  10.4319
5.13  1.8119  1.38581  1.64108  -2.55832  -4.86157  3.1693  0.420168  5.97292  4.0374  10.4305
5.14  1.78632  1.33622  1.67277  -2.55832  -4.95967  3.1693  0.420168  6.11598  3.8929  10.4291
5.15  1.76073  1.28564  1.70446  -2.55832  -5.05777  3.1693  0.420168  6.26191  3.74555  10.4276
5.16  1.73515  1.23408  1.73615  -2.55832  -5.15587  3.1693  0.420168  6.41069  3.59534  10.4262
5.17  1.70957  1.18154  1.76785  -2.55832  -5.25397  3.1693  0.420168  6.56233  3.44227  10.4248
5.18  1.68398  1.12802  1.79954  -2.55832  -5.35207  3.1693  0.420168  6.71682  3.28635  10.4233
5.19  1.6584  1.07352  1.83123  -2.55832  -5.45017  3.1693  0.420168  6.87418  3.12756  10.4219
5.2  1.63282  1.01804  1.86293  -2.55832  -5.54827  3.1693  0.420168  7.03439  2.96592  10.4205
5.21  1.60723  0.961572  1.89462  -2.55832  -5.64637  3.1693  0.420168  7.19746  2.80142  10.4191
5.22  1.58165  0.904128  1.92631  -2.55832  -5.74447  3.1693  0.420168  7.36339  2.63406  10.4176
5.23  1.55607  0.845702  1.95801  -2.55832  -5.84257  3.1693  0.420168  7.53218  2.46385  10.4162
5.24  1.53048  0.786295  1.9897  -2.55832  -5.94067  3.1693  0.420168  7.70382  2.29077  10.4148
5.25  1.5049  0.725907  2.02139  -2.55832  -6.03877  3.1693  0.420168  7.87833  2.11484  10.4133
5.26  1.47932  0.664539  2.05308  -2.55832  -6.13687  3.1693  0.420168  8.05569  1.93605  10.4119
5.27  1.45374  0.602189  2.08478  -2.55832  -6.23497  3.1693  0.420168  8.23591  1.7544  10.4105
5.28  1.42815  0.538858  2.11647  -2.55832  -6.33307  3.1693  0.420168  8.41898  1.5699  10.409
5.29  1.40257  0.474547  2.14816  -2.55832  -6.43117  3.1693  0.420168  8.60492  1.38253  10.4076
5.3  1.37699  0.409254  2.17986  -2.55832  -6.52927  3.1693  0.420168  8.79371  1.19231  10.4062
5.31  1.3514  0.34298  2.21155  -2.55832  -6.62737  3.1693  0.420168  8.98536  0.999229  10.4048
5.32  1.32582  0.275725  2.24324  -2.55832  -6.72547  3.1693  0.420168  9.17987  0.803291  10.4033
5.33  1.30024  0.20749  2.27494  -2.55832  -6.82357  3.1693  0.420168  9.37724  0.604495  10.4019
5.34  1.27465  0.138273  2.30663  -2.55832  -6.92167  3.1693  0.537075  9.57747  0.402841  10.5174
5.35  1.24907  0.0738117  2.33832  -2.55832  -6.44612  3.1693  2.07285  8.63349  0.215041  10.9214
5.36  1.22349  0.019578  2.37002  -2.55832  -5.42337  3.1693  4.18111  6.83091  0.0570379  11.0691
5.37  1.1979  -0.0198666  2.40171  -2.55832  -3.94445  3.1693  6.18295  4.77369  -0.0578788  10.8988
5.38  1.17232  -0.0412537  2.4334  -2.55832  -2.13871  3.1693  7.4333  3.14258  -0.120187  10.4557
5.39  1.14674  -0.0428788  2.46509  -2.55832  -0.162512  3.1693  7.53305  2.4673  -0.124922  9.87543
5.4  1.12115  -0.0247363  2.49679  -2.55832  1.81425  3.1693  6.45745  2.95213  -0.072066  9.33751
5.41  1.09557  0.0114917  2.52848  -2.55832  3.6228  3.1693  4.55935  4.41225  0.0334796  9.00508
5.42  1.06999  0.06259  2.56017  -2.55832  5.10984  3.1693  2.44788  6.34051  0.182348  8.97074
5.43  1.0444  0.124096  2.59187  -2.55832  6.15057  3.1693  0.78446  8.08068  0.361537  9.22667
5.44  1.01882  0.190687  2.62356  -2.55832  6.65914  3.1693  0.0649899  9.04804  0.555543  9.66857
5.45  0.993238  0.256644  2.65525  -2.55832  6.59571  3.1693  0.0649899  8.92319  0.747701  9.73588
5.46  0.967655  0.32162  2.68695  -2.55832  6.49761  3.1693  0.0649899  8.73246  0.937  9.73446
5.47  0.942071  0.385615  2.71864  -2.55832  6.39951  3.1693  0.0649899  8.54459  1.12344  9.73303
5.48  0.916488  0.44863  2.75033  -2.55832  6.30141  3.1693  0.0649899  8.35958  1.30703  9.7316
5.49  0.890905  0.510663  2.78202  -2.55832  6.20331  3.1693  0.0649899  8.17743  1.48775  9.73017
5.5  0.865322  0.571715  2.81372  -2.55832  6.10521  3.1693  0.0649899  7.99813  1.66562  9.72874
5.51  0.839739  0.631786  2.84541  -2.55832  6.00711  3.1693  0.0649899  7.82169  1.84063  9.72731
5.52  0.814155  0.690876  2.8771  -2.55832  5.90901  3.1693  0.0649899  7.64811  2.01278  9.72588
5.53  0.788572  0.748985  2.9088  -2.55832  5.81091  3.1693  0.0389973  7.47739  2.18207  9.69846
5.54  0.762989  0.806113  2.93953  -2.55832  5.71281  3.07285  0.227259  7.22012  2.34851  9.79589
5.55  0.737406  0.86226  2.96667  -2.55832  5.61471  2.71467  0.592771  6.7473  2.51209  9.85216
5.56  0.711823  0.917426  2.98794  -2.55832  5.51661  2.12712  1.00975  6.16273  2.67281  9.84529
5.57  0.686239  0.971612  3.00156  -2.55832  5.41851  1.36191  1.33697  5.60699  2.83067  9.77463
5.58  0.660656  1.02482  3.00642  -2.55832  5.32041  0.485568  1.46501  5.21015  2.98567  9.66083
5.59  0.635073  1.07704  3.00216  -2.55832  5.22231  -0.426333  1.35227  5.04855  3.13782  9.53864
5.6  0.60949  1.12828  2.9892  -2.55832  5.12421  -1.29569  1.03793  5.12014  3.2871  9.44517
5.61  0.583907  1.17854  2.96871  -2.55832  5.02611  -2.04856  0.627789  5.34615  3.43353  9.40747
5.62  0.558323  1.22782  2.9425  -2.55832  4.92801  -2.62146  0.258169  5.59842  3.5771  9.43369
5.63  0.53274  1.27612  2.91283  -2.55832  4.82991  -2.96666  0.0500598  5.74272  3.71782  9.5106
5.64  0.507157  1.32344  2.88227  -2.55832  4.73181  -3.05624  0.0500598  5.68355  3.85567  9.58928
5.65  0.481574  1.36978  2.85171  -2.55832  4.63371  -3.05624  0.0500598  5.54712  3.99067  9.58785
5.66  0.455991  1.41513  2.82114  -2.55832  4.53561  -3.05624  0.0500598  5.41355  4.12281  9.58642
5.67  0.430407  1.45951  2.79058  -2.55832  4.43751  -3.05624  0.0500598  5.28284  4.25209  9.585
5.68  0.404824  1.5029  2.76002  -2.55832  4.33941  -3.05624  0.0500598  5.15499  4.37851  9.58357
5.69  0.379241  1.54531  2.72946  -2.55832  4.24131  -3.05624  0.0500598  5.03  4.50208  9.58214
5.7  0.353658  1.58675  2.69889  -2.55832  4.14321  -3.05624  0.0500598  4.90786  4.62279  9.58071
5.71  0.328075  1.6272  2.66833  -2.55832  4.04511  -3.05624  0.0500598  4.78858  4.74064  9.57928
5.72  0.302491  1.66667  2.63777  -2.55832  3.94701  -3.05624  0.0500598  4.67216  4.85563  9.57785
5.73  0.276908  1.70516  2.60721  -2.55832  3.84891  -3.05624  0.0500598  4.5586  4.96776  9.57642
5.74  0.251325  1.74267  2.57664  -2.55832  3.75081  -3.05624  0.0500598  4.4479  5.07704  9.57499
5.75  0.225742  1.77919  2.54608  -2.55832  3.65271  -3.05624  0.0500598  4.34005  5.18345  9.57356
5.76  0.200159  1.81474  2.51552  -2.55832  3.55461  -3.05624  0.0500598  4.23506  5.28701  9.57213
5.77  0.174575  1.8493  2.48496  -2.55832  3.45651  -3.05624  0.113826  4.13293  5.38771  9.63447
5.78  0.151335  1.88289  2.4544  -2.32401  3.35841  -3.05624  0.33213  3.86379  5.48556  9.68148
5.79  0.132407  1.91549  2.42383  -1.89284  3.26031  -3.05624  0.611131  3.4974  5.58054  9.68907
5.8  0.119377  1.94711  2.39327  -1.30297  3.16221  -3.05624  0.855978  3.12392  5.67267  9.65256
5.81  0.113319  1.97775  2.36271  -0.605811  3.06411  -3.05624  0.984481  2.83562  5.76194  9.58204
5.82  0.114703  2.00741  2.33215  0.138376  2.96601  -3.05624  0.954309  2.69613  5.84835  9.49879
5.83  0.12336  2.03609  2.30158  0.865736  2.86791  -3.05624  0.776563  2.7196  5.9319  9.42806
5.84  0.138503  2.06379  2.27102  1.51428  2.76981  -3.05624  0.511357  2.86667  6.0126  9.39063
5.85  0.158795  2.09051  2.24046  2.02916  2.67171  -3.05624  0.247137  3.05832  6.09043  9.39589
5.86  0.182468  2.11624  2.2099  2.36732  2.57361  -3.05624  0.0708416  3.20267  6.16541  9.43893
5.87  0.207478  2.141  2.17933  2.50107  2.47551  -3.05624  0.0708416  3.22581  6.23753  9.53419
5.88  0.232489  2.16477  2.14877  2.50107  2.37741  -3.05624  0.0708416  3.15512  6.3068  9.53276
5.89  0.2575  2.18757  2.11821  2.50107  2.27931  -3.05624  0.0708416  3.08729  6.3732  9.53133
5.9  0.282511  2.20938  2.08765  2.50107  2.18121  -3.05624  0.0708416  3.02231  6.43675  9.5299
5.91  0.307521  2.23021  2.05708  2.50107  2.08311  -3.05624  0.0708416  2.96019  6.49744  9.52847
5.92  0.332532  2.25006  2.02652  2.50107  1.98501  -3.05624  0.0708416  2.90093  6.55527  9.52704
5.93  0.357543  2.26893  1.99596  2.50107  1.88691  -3.05624  0.0708416  2.84453  6.61024  9.52561
5.94  0.382553  2.28682  1.9654  2.50107  1.78881  -3.05624  0.0708416  2.79099  6.66235  9.52418
5.95  0.407564  2.30372  1.93483  2.50107  1.69071  -3.05624  0.0708416  2.7403  6.71161  9.52276
5.96  0.432575  2.31965  1.90427  2.50107  1.59261  -3.05624  0.0708416  2.69248  6.75801  9.52133
5.97  0.457586  2.3346  1.87371  2.50107  1.49451  -3.05624  0.0708416  2.64751  6.80155  9.5199
5.98  0.482596  2.34856  1.84315  2.50107  1.39641  -3.05624  0.0708416  2.60539  6.84223  9.51847
5.99  0.507607  2.36154  1.81258  2.50107  1.29831  -3.05624  0.0708416  2.56614  6.88006  9.51704
6  0.532618  2.37355  1.78202  2.50107  1.20021  -3.05624  0.0708416  2.52975  6.91502  9.51561
6.01  0.557628  2.38457  1.75146  2.50107  1.10211  -3.05624  0.0708416  2.49621  6.94713  9.51418
6.02  0.582639  2.39461  1.7209  2.50107  1.00401  -3.05624  0.0708416  2.46553  6.97638  9.51275
6.03  0.60765  2.40367  1.69034  2.50107  0.905911  -3.05624  0.0708416  2.43771  7.00278  9.51132
6.04  0.632661  2.41174  1.65977  2.50107  0.807811  -3.05624  0.0708416  2.41274  7.02631  9.50989
6.05  0.657671  2.41884  1.62921  2.50107  0.709711  -3.05624  0.0708416  2.39064  7.04699  9.50847
6.06  0.682682  2.42496  1.59865  2.50107  0.611611  -3.05624  0.0708416  2.37139  7.06481  9.50704
6.07  0.707693  2.43009  1.56809  2.50107  0.513511  -3.05624  0.0708416  2.355  7.07977  9.50561
6.08  0.732703  2.43425  1.53752  2.50107  0.415411  -3.05624  0.0708416  2.34147  7.09187  9.50418
6.09  0.757714  2.43742  1.50696  2.50107  0.317311  -3.05624  0.0708416  2.3308  7.10111  9.50275
6.1  0.782725  2.43961  1.4764  2.50107  0.219211  -3.05624  0.0708416  2.32298  7.1075  9.50132
6.11  0.807736  2.44082  1.44584  2.50107  0.121111  -3.05624  0.0708416  2.31802  7.11103  9.49989
6.12  0.832746  2.44105  1.41527  2.50107  0.0230107  -3.05624  0.0708416  2.31592  7.1117  9.49846
6.13  0.857757  2.4403  1.38471  2.50107  -0.0750893  -3.05624  0.0708416  2.31668  7.10951  9.49703
6.14  0.882768  2.43857  1.35415  2.50107  -0.173189  -3.05624  0.0708416  2.3203  7.10446  9.4956
6.15  0.907778  2.43586  1.32359  2.50107  -0.271289  -3.05624  0.0708416  2.32677  7.09656  9.49418
6.16  0.932789  2.43216  1.29302  2.50107  -0.369389  -3.05624  0.0708416  2.33611  7.0858  9.49275
6.17  0.9578  2.42749  1.26246  2.50107  -0.467489  -3.05624  0.0708416  2.3483  7.07218  9.49132
6.18  0.982811  2.42183  1.2319  2.50107  -0.565589  -3.05624  0.0708416  2.36335  7.0557  9.48989
6.19  1.00782  2.4152  1.20134  2.50107  -0.663689  -3.05624  0.0708416  2.38125  7.03637  9.48846
6.2  1.03283  2.40758  1.17077  2.50107  -0.761789  -3.05624  0.0708416  2.40202  7.01417  9.48703
6.21  1.05784  2.39898  1.14021  2.50107  -0.859889  -3.05624  0.0708416  2.42564  6.98912  9.4856
6.22  1.08285  2.3894  1.10965  2.50107  -0.957989  -3.05624  0.0708416  2.45212  6.96121  9.48417
6.23  1.10786  2.37884  1.07909  2.50107  -1.05609  -3.05624  0.0708416  2.48146  6.93044  9.48274
6.24  1.13287  2.3673  1.04852  2.50107  -1.15419  -3.05624  0.0708416  2.51366  6.89682  9.48131
6.25  1.15789  2.35477  1.01796  2.50107  -1.25229  -3.05624  0.0708416  2.54871  6.86033  9.47989
6.26  1.1829  2.34127  0.9874  2.50107  -1.35039  -3.05624  0.0708416  2.58662  6.82099  9.47846
6.27  1.20791  2.32678  0.956838  2.50107  -1.44849  -3.05624  0.0708416  2.62739  6.77879  9.47703
6.28  1.23292  2.31132  0.926275  2.50107  -1.54659  -3.05624  0.0708416  2.67102  6.73373  9.4756
6.29  1.25793  2.29487  0.895713  2.50107  -1.64469  -3.05624  0.0708416  2.71751  6.68582  9.47417
6.3  1.28294  2.27744  0.865151  2.50107  -1.74279  -3.05624  0.0708416  2.76686  6.63504  9.47274
6.31  1.30795  2.25903  0.834588  2.50107  -1.84089  -3.05624  0.0708416  2.81906  6.58141  9.47131
6.32  1.33296  2.23964  0.804026  2.50107  -1.93899  -3.05624  0.0708416  2.87412  6.52492  9.46988
6.33  1.35797  2.21927  0.773463  2.50107  -2.03709  -3.05624  0.0708416  2.93204  6.46557  9.46845
6.34  1.38298  2.19792  0.742901  2.50107  -2.13519  -3.05624  0.0708416  2.99282  6.40337  9.46702
6.35  1.40799  2.17559  0.712339  2.50107  -2.23329  -3.05624  0.0708416  3.05645  6.3383  9.4656
6.36  1.433  2.15227  0.681776  2.50107  -2.33139  -3.05624  0.0708416  3.12294  6.27038  9.46417
6.37  1.45801  2.12798  0.651214  2.50107  -2.42949  -3.05624  0.0708416  3.19229  6.1996  9.46274
6.38  1.48302  2.1027  0.620651  2.50107  -2.52759  -3.05624  0.0708416  3.2645  6.12596  9.46131
6.39  1.50804  2.07645  0.590089  2.50107  -2.62569  -3.05624  0.0708416  3.33957  6.04947  9.45988
6.4  1.53305  2.04921  0.559527  2.50107  -2.72379  -3.05624  0.0708416  3.4175  5.97011  9.45845
6.41  1.55806  2.02099  0.528964  2.50107  -2.82189  -3.05624  0.0708416  3.49828  5.8879  9.45702
6.42  1.58307  1.99179  0.498402  2.50107  -2.91999  -3.05624  0.0708416  3.58192  5.80283  9.45559
6.43  1.60808  1.96161  0.467839  2.50107  -3.01809  -3.05624  0.0708416  3.66842  5.7149  9.45416
6.44  1.63309  1.93045  0.437277  2.50107  -3.11619  -3.05624  0.0708416  3.75778  5.62412  9.45273
6.45  1.6581  1.8983  0.406714  2.50107  -3.21429  -3.05624  0.0708416  3.84999  5.53047  9.45131
6.46  1.68311  1.86518  0.376152  2.50107  -3.31239  -3.05624  0.0708416  3.94507  5.43397  9.44988
6.47  1.70812  1.83108  0.34559  2.50107  -3.41049  -3.05624  0.0708416  4.043  5.33461  9.44845
6.48  1.73313  1.79599  0.315027  2.50107  -3.50859  -3.05624  0.0708416  4.14379  5.23239  9.44702
6.49  1.75814  1.75992  0.284465  2.50107  -3.60669  -3.05624  0.0708416  4.24743  5.12731  9.44559
6.5  1.78315  1.72288  0.253902  2.50107  -3.70479  -3.05624  0.0708416  4.35394  5.01938  9.44416
6.51  1.80816  1.68485  0.22334  2.50107  -3.80289  -3.05624  0.0708416  4.4633  4.90859  9.44273
6.52  1.83317  1.64584  0.192778  2.50107  -3.90099  -3.05624  0.0565805  4.57552  4.79494  9.42704
6.53  1.85819  1.60585  0.163038  2.50107  -3.99909  -2.97399  0.223182  4.61696  4.67843  9.51857
6.54  1.8832  1.56487  0.136654  2.50107  -4.09719  -2.63837  0.558718  4.45519  4.55906  9.57297
6.55  1.90821  1.52292  0.115857  2.50107  -4.19529  -2.07974  0.947617  4.18461  4.43684  9.56907
6.56  1.93322  1.47999  0.102384  2.50107  -4.29339  -1.34729  1.25809  3.93554  4.31176  9.50539
6.57  1.95823  1.43607  0.0973364  2.50107  -4.39149  -0.504743  1.38626  3.83034  4.18382  9.40042
6.58  1.98324  1.39118  0.101089  2.50107  -4.48959  0.375228  1.29036  3.94279  4.05302  9.28617
6.59  2.00825  1.3453  0.113261  2.50107  -4.58769  1.21723  1.00385  4.27412  3.91936  9.19734
6.6  2.03326  1.29844  0.132757  2.50107  -4.68579  1.94964  0.623234  4.75362  3.78285  9.1597
6.61  2.05827  1.2506  0.157864  2.50107  -4.78389  2.51065  0.275068  5.26312  3.64347  9.18167
6.62  2.08328  1.20178  0.186399  2.50107  -4.88199  2.85351  0.073421  5.67702  3.50124  9.25169
6.63  2.10829  1.15198  0.215903  2.50107  -4.98009  2.95042  0.073421  5.90421  3.35615  9.33378
6.64  2.1333  1.1012  0.245407  2.50107  -5.07819  2.95042  0.073421  6.05072  3.20821  9.33235
6.65  2.15831  1.04944  0.274912  2.50107  -5.17629  2.95042  0.073421  6.2001  3.0574  9.33092
6.66  2.18332  0.996693  0.304416  2.50107  -5.27439  2.95042  0.073421  6.35233  2.90374  9.32949
6.67  2.20834  0.942968  0.33392  2.50107  -5.37249  2.95042  0.073421  6.50742  2.74722  9.32806
6.68  2.23335  0.888262  0.363424  2.50107  -5.47059  2.95042  0.073421  6.66537  2.58784  9.32663
6.69  2.25836  0.832575  0.392928  2.50107  -5.56869  2.95042  0.073421  6.82618  2.4256  9.32521
6.7  2.28337  0.775908  0.422433  2.50107  -5.66679  2.95042  0.073421  6.98985  2.26051  9.32378
6.71  2.30838  0.718259  0.451937  2.50107  -5.76489  2.95042  0.073421  7.15637  2.09256  9.32235
6.72  2.33339  0.659629  0.481441  2.50107  -5.86299  2.95042  0.073421  7.32575  1.92175  9.32092
6.73  2.3584  0.600018  0.510945  2.50107  -5.96109  2.95042  0.073421  7.49799  1.74808  9.31949
6.74  2.38341  0.539426  0.540449  2.50107  -6.05919  2.95042  0.073421  7.67309  1.57155  9.31806
6.75  2.40842  0.477853  0.569954  2.50107  -6.15729  2.95042  0.073421  7.85105  1.39216  9.31663
6.76  2.43343  0.415299  0.599458  2.50107  -6.25539  2.95042  0.073421  8.03186  1.20992  9.3152
6.77  2.45844  0.351764  0.628962  2.50107  -6.35349  2.95042  0.073421  8.21553  1.02482  9.31377
6.78  2.48345  0.287248  0.658466  2.50107  -6.45159  2.95042  0.073421  8.40206  0.836862  9.31234
6.79  2.50846  0.221752  0.687971  2.50107  -6.54969  2.95042  0.073421  8.59145  0.646045  9.31092
6.8  2.53347  0.155274  0.717475  2.50107  -6.64779  2.95042  0.316052  8.7837  0.45237  9.55212
6.81  2.55849  0.0920813  0.746979  2.50107  -6.31923  2.95042  1.53902  8.15107  0.268267  9.95836
6.82  2.5835  0.037548  0.776483  2.50107  -5.45334  2.95042  3.40837  6.63739  0.109391  10.1551
6.83  2.60851  -0.00372854  0.805987  2.50107  -4.12765  2.95042  5.32468  4.75136  -0.0108626  10.0652
6.84  2.63352  -0.0283131  0.835492  2.50107  -2.45846  2.95042  6.67133  3.11894  -0.0824868  9.70778
6.85  2.65853  -0.0342191  0.864996  2.50107  -0.5906  2.95042  7.01767  2.27326  -0.0996931  9.19124
6.86  2.68354  -0.0210681  0.8945  2.50107  1.31511  2.95042  6.25855  2.47828  -0.0613792  8.67544
6.87  2.70855  0.00988886  0.924004  2.50107  3.09569  2.95042  4.64472  3.64449  0.0288099  8.31802
6.88  2.73356  0.0558885  0.953508  2.50107  4.59997  2.95042  2.69551  5.36347  0.162824  8.2218
6.89  2.75857  0.112902  0.983013  2.50107  5.70135  2.95042  1.02422  7.04819  0.328926  8.40134
6.9  2.78358  0.175987  1.01252  2.50107  6.30853  2.95042  0.13553  8.13099  0.512717  8.77924
6.91  2.80859  0.239717  1.04202  2.50107  6.37297  2.95042  0.13553  8.25234  0.698385  9.08626
6.92  2.8336  0.302466  1.07153  2.50107  6.27487  2.95042  0.13553  8.0681  0.881196  9.08483
6.93  2.85861  0.364233  1.10103  2.50107  6.17677  2.95042  0.13553  7.88672  1.06115  9.0834
6.94  2.88362  0.42502  1.13053  2.50107  6.07867  2.95042  0.13553  7.7082  1.23824  9.08197
6.95  2.90864  0.484826  1.16004  2.50107  5.98057  2.95042  0.106014  7.53253  1.41248  9.05103
6.96  2.93274  0.54365  1.18954  2.41049  5.88247  2.95042  0.232466  7.29367  1.58386  9.10999
6.97  2.95389  0.601494  1.21905  2.11471  5.78437  2.95042  0.464729  6.92497  1.75238  9.14207
6.98  2.97029  0.658357  1.24855  1.64036  5.68627  2.95042  0.722988  6.49338  1.91804  9.13441
6.99  2.98058  0.714238  1.27805  1.02915  5.58817  2.95042  0.919849  6.08687  2.08084  9.08756
7  2.98392  0.769139  1.30756  0.334177  5.49007  2.95042  0.989549  5.7848  2.24079  9.01514
7.01  2.98008  0.823059  1.33706  -0.384646  5.39197  2.95042  0.909569  5.63167  2.39788  8.93912
7.02  2.96942  0.875998  1.36657  -1.06579  5.29387  2.95042  0.707558  5.62271  2.55211  8.88238
7.03  2.95291  0.927955  1.39607  -1.65134  5.19577  2.95042  0.451448  5.70616  2.70348  8.86109
7.04  2.93199  0.978932  1.42558  -2.09195  5.09767  2.95042  0.226285  5.80113  2.85199  8.87941
7.05  2.90848  1.02893  1.45508  -2.35098  4.99957  2.95042  0.105671  5.82493  2.99765  8.92825
7.06  2.8844  1.07794  1.48458  -2.40753  4.90147  2.95042  0.105671  5.72066  3.14045  8.96678
7.07  2.86033  1.12598  1.51409  -2.40753  4.80337  2.95042  0.105671  5.5793  3.28039  8.96536
7.08  2.83625  1.17303  1.54359  -2.40753  4.70527  2.95042  0.105671  5.44078  3.41747  8.96393
7.09  2.81218  1.2191  1.5731  -2.40753  4.60717  2.95042  0.105671  5.30513  3.55169  8.9625
7.1  2.7881  1.26419  1.6026  -2.40753  4.50907  2.95042  0.105671  5.17234  3.68306  8.96107
7.11  2.76403  1.3083  1.63211  -2.40753  4.41097  2.95042  0.105671  5.0424  3.81157  8.95964
7.12  2.73995  1.35143  1.66161  -2.40753  4.31287  2.95042  0.105671  4.91532  3.93722  8.95821
7.13  2.71587  1.39358  1.69111  -2.40753  4.21477  2.95042  0.105671  4.7911  4.06001  8.95678
7.14  2.6918  1.43474  1.72062  -2.40753  4.11667  2.95042  0.105671  4.66974  4.17994  8.95535
7.15  2.66772  1.47493  1.75012  -2.40753  4.01857  2.95042  0.105671  4.55123  4.29702  8.95392
7.16  2.64365  1.51413  1.77963  -2.40753  3.92047  2.95042  0.105671  4.43558  4.41124  8.95249
7.17  2.61957  1.55236  1.80913  -2.40753  3.82237  2.95042  0.105671  4.3228  4.5226  8.95107
7.18  2.5955  1.5896  1.83863  -2.40753  3.72427  2.95042  0.105671  4.21287  4.6311  8.94964
7.19  2.57142  1.62586  1.86814  -2.40753  3.62617  2.95042  0.105671  4.10579  4.73674  8.94821
7.2  2.54735  1.66114  1.89764  -2.40753  3.52807  2.95042  0.105671  4.00158  4.83953  8.94678
7.21  2.52327  1.69544  1.92715  -2.40753  3.42997  2.95042  0.105671  3.90022  4.93946  8.94535
7.22  2.4992  1.72876  1.95665  -2.40753  3.33187  2.95042  0.105671  3.80172  5.03653  8.94392
7.23  2.47512  1.7611  1.98616  -2.40753  3.23377  2.95042  0.105671  3.70608  5.13074  8.94249
7.24  2.45105  1.79246  2.01566  -2.40753  3.13567  2.95042  0.105671  3.6133  5.22209  8.94106
7.25  2.42697  1.82283  2.04516  -2.40753  3.03757  2.95042  0.105671  3.52337  5.31059  8.93963
7.26  2.4029  1.85223  2.07467  -2.40753  2.93947  2.95042  0.105671  3.43631  5.39623  8.9382
7.27  2.37882  1.88064  2.10417  -2.40753  2.84137  2.95042  0.105671  3.3521  5.47901  8.93678
7.28  2.35475  1.90807  2.13368  -2.40753  2.74327  2.95042  0.105671  3.27075  5.55893  8.93535
7.29  2.33067  1.93452  2.16318  -2.40753  2.64517  2.95042  0.105671  3.19225  5.63599  8.93392
7.3  2.30659  1.95999  2.19269  -2.40753  2.54707  2.95042  0.105671  3.11662  5.7102  8.93249
7.31  2.28252  1.98448  2.22219  -2.40753  2.44897  2.95042  0.105671  3.04384  5.78154  8.93106
7.32  2.25844  2.00799  2.25169  -2.40753  2.35087  2.95042  0.105671  2.97393  5.85003  8.92963
7.33  2.23437  2.03052  2.2812  -2.40753  2.25277  2.95042  0.105671  2.90686  5.91567  8.9282
7.34  2.21029  2.05207  2.3107  -2.40753  2.15467  2.95042  0.105671  2.84266  5.97844  8.92677
7.35  2.18622  2.07263  2.34021  -2.40753  2.05657  2.95042  0.105671  2.78132  6.03835  8.92534
7.36  2.16214  2.09222  2.36971  -2.40753  1.95847  2.95042  0.105671  2.72283  6.09541  8.92391
7.37  2.13807  2.11082  2.39921  -2.40753  1.86037  2.95042  0.105671  2.6672  6.14961  8.92249
7.38  2.11399  2.12844  2.42872  -2.40753  1.76227  2.95042  0.105671  2.61443  6.20095  8.92106
7.39  2.08992  2.14509  2.45822  -2.40753  1.66417  2.95042  0.105671  2.56452  6.24944  8.91963
7.4  2.06584  2.16075  2.48773  -2.40753  1.56607  2.95042  0.105671  2.51747  6.29506  8.9182
7.41  2.04177  2.17543  2.51723  -2.40753  1.46797  2.95042  0.105671  2.47327  6.33783  8.91677
7.42  2.01769  2.18912  2.54674  -2.40753  1.36987  2.95042  0.105671  2.43193  6.37774  8.91534
7.43  1.99362  2.20184  2.57624  -2.40753  1.27177  2.95042  0.105671  2.39345  6.41479  8.91391
7.44  1.96954  2.21358  2.60574  -2.40753  1.17367  2.95042  0.105671  2.35783  6.44898  8.91248
7.45  1.94546  2.22433  2.63525  -2.40753  1.07557  2.95042  0.105671  2.32506  6.48032  8.91105
7.46  1.92139  2.23411  2.66475  -2.40753  0.977468  2.95042  0.105671  2.29516  6.5088  8.90962
7.47  1.89731  2.2429  2.69426  -2.40753  0.879368  2.95042  0.105671  2.26811  6.53442  8.9082
7.48  1.87324  2.25072  2.72376  -2.40753  0.781268  2.95042  0.105671  2.24392  6.55718  8.90677
7.49  1.84916  2.25755  2.75327  -2.40753  0.683168  2.95042  0.105671  2.22259  6.57708  8.90534
7.5  1.82509  2.2634  2.78277  -2.40753  0.585068  2.95042  0.105671  2.20411  6.59413  8.90391
7.51  1.80101  2.26827  2.81227  -2.40753  0.486968  2.95042  0.105671  2.1885  6.60831  8.90248
7.52  1.77694  2.27216  2.84178  -2.40753  0.388868  2.95042  0.105671  2.17574  6.61964  8.90105
7.53  1.75286  2.27506  2.87128  -2.40753  0.290768  2.95042  0.105671  2.16584  6.62811  8.89962
7.54  1.72879  2.27699  2.90079  -2.40753  0.192668  2.95042  0.0822956  2.15879  6.63373  8.87482
7.55  1.70471  2.27794  2.93002  -2.40753  0.0945683  2.92384  0.196513  2.13142  6.63648  8.96442
7.56  1.68064  2.2779  2.9565  -2.40753  -0.00353168  2.64778  0.486986  1.90171  6.63638  9.02507
7.57  1.65656  2.27689  2.97798  -2.40753  -0.101632  2.14752  0.85314  1.54702  6.63342  9.03358
7.58  1.63249  2.27489  2.99265  -2.40753  -0.199732  1.46726  1.17055  1.18628  6.6276  8.98443
7.59  1.60841  2.27191  2.99931  -2.40753  -0.297832  0.666299  1.33272  0.939774  6.61892  8.89141
7.6  1.58433  2.26795  2.99745  -2.40753  -0.395932  -0.186155  1.28628  0.889103  6.60739  8.78277
7.61  1.56026  2.26301  2.98728  -2.40753  -0.494032  -1.01697  1.04809  1.05049  6.59299  8.69158
7.62  1.53618  2.25709  2.96973  -2.40753  -0.592132  -1.75537  0.698654  1.37029  6.57574  8.64468
7.63  1.51211  2.25019  2.94634  -2.40753  -0.690232  -2.33891  0.354468  1.74373  6.55563  8.65384
7.64  1.48803  2.2423  2.91915  -2.40753  -0.788332  -2.71881  0.128719  2.05059  6.53267  8.71198
7.65  1.46396  2.23344  2.89051  -2.40753  -0.886432  -2.86402  0.128719  2.19537  6.50684  8.83093
7.66  1.43988  2.22359  2.86187  -2.40753  -0.984532  -2.86402  0.128719  2.22262  6.47816  8.8295
7.67  1.41581  2.21277  2.83323  -2.40753  -1.08263  -2.86402  0.128719  2.25273  6.44662  8.82807
7.68  1.39173  2.20096  2.80459  -2.40753  -1.18073  -2.86402  0.128719  2.2857  6.41222  8.82664
7.69  1.36766  2.18817  2.77595  -2.40753  -1.27883  -2.86402  0.128719  2.32153  6.37496  8.82521
7.7  1.34358  2.1744  2.74731  -2.40753  -1.37693  -2.86402  0.128719  2.36022  6.33485  8.82378
7.71  1.31951  2.15965  2.71867  -2.40753  -1.47503  -2.86402  0.128719  2.40176  6.29187  8.82235
7.72  1.29543  2.14392  2.69003  -2.40753  -1.57313  -2.86402  0.128719  2.44616  6.24604  8.82092
7.73  1.27136  2.12721  2.66139  -2.40753  -1.67123  -2.86402  0.128719  2.49342  6.19735  8.81949
7.74  1.24728  2.10951  2.63275  -2.40753  -1.76933  -2.86402  0.128719  2.54354  6.1458  8.81806
7.75  1.2232  2.09084  2.60411  -2.40753  -1.86743  -2.86402  0.128719  2.59652  6.0914  8.81664
7.76  1.19913  2.07119  2.57547  -2.40753  -1.96553  -2.86402  0.128719  2.65235  6.03414  8.81521
7.77  1.17505  2.05055  2.54683  -2.40753  -2.06363  -2.86402  0.128719  2.71104  5.97402  8.81378
7.78  1.15098  2.02893  2.51819  -2.40753  -2.16173  -2.86402  0.128719  2.77259  5.91104  8.81235
7.79  1.1269  2.00633  2.48955  -2.40753  -2.25983  -2.86402  0.128719  2.837  5.8452  8.81092
7.8  1.10283  1.98275  2.46091  -2.40753  -2.35793  -2.86402  0.128719  2.90427  5.7765  8.80949
7.81  1.07875  1.95819  2.43227  -2.40753  -2.45603  -2.86402  0.128719  2.97439  5.70495  8.80806
7.82  1.05468  1.93265  2.40363  -2.40753  -2.55413  -2.86402  0.128719  3.04738  5.63054  8.80663
7.83  1.0306  1.90613  2.37499  -2.40753  -2.65223  -2.86402  0.128719  3.12322  5.55327  8.8052
7.84  1.00653  1.87863  2.34635  -2.40753  -2.75033  -2.86402  0.128719  3.20191  5.47314  8.80377
7.85  0.982452  1.85014  2.31771  -2.40753  -2.84843  -2.86402  0.128719  3.28347  5.39016  8.80235
7.86  0.958376  1.82068  2.28907  -2.40753  -2.94653  -2.86402  0.128719  3.36789  5.30431  8.80092
7.87  0.934301  1.79023  2.26043  -2.40753  -3.04463  -2.86402  0.128719  3.45516  5.21561  8.79949
7.88  0.910226  1.7588  2.23179  -2.40753  -3.14273  -2.86402  0.128719  3.54529  5.12405  8.79806
7.89  0.88615  1.72639  2.20315  -2.40753  -3.24083  -2.86402  0.128719  3.63828  5.02963  8.79663
7.9  0.862075  1.69301  2.17451  -2.40753  -3.33893  -2.86402  0.128719  3.73412  4.93236  8.7952
7.91  0.838  1.65864  2.14586  -2.40753  -3.43703  -2.86402  0.128719  3.83283  4.83222  8.79377
7.92  0.813924  1.62328  2.11722  -2.40753  -3.53513  -2.86402  0.128719  3.93439  4.72923  8.79234
7.93  0.789849  1.58695  2.08858  -2.40753  -3.63323  -2.86402  0.128719  4.03881  4.62338  8.79091
7.94  0.765774  1.54964  2.05994  -2.40753  -3.73133  -2.86402  0.128719  4.14609  4.51468  8.78948
7.95  0.741698  1.51134  2.0313  -2.40753  -3.82943  -2.86402  0.128719  4.25623  4.40311  8.78806
7.96  0.717623  1.47207  2.00266  -2.40753  -3.92753  -2.86402  0.128719  4.36922  4.28869  8.78663
7.97  0.693548  1.43181  1.97402  -2.40753  -4.02563  -2.86402  0.128719  4.48507  4.1714  8.7852
7.98  0.669472  1.39058  1.94538  -2.40753  -4.12373  -2.86402  0.128719  4.60379  4.05127  8.78377
7.99  0.645397  1.34836  1.91674  -2.40753  -4.22183  -2.86402  0.128719  4.72535  3.92827  8.78234
8  0.621322  1.30516  1.8881  -2.40753  -4.31993  -2.86402  0.128719  4.84978  3.80241  8.78091
8.01  0.597247  1.26098  1.85946  -2.40753  -4.41803  -2.86402  0.128719  4.97707  3.6737  8.77948
8.02  0.573171  1.21582  1.83082  -2.40753  -4.51613  -2.86402  0.128719  5.10721  3.54213  8.77805
8.03  0.549096  1.16967  1.80218  -2.40753  -4.61423  -2.86402  0.128719  5.24021  3.4077  8.77662
8.04  0.525021  1.12255  1.77354  -2.40753  -4.71233  -2.86402  0.128719  5.37607  3.27041  8.77519
8.05  0.500945  1.07445  1.7449  -2.40753  -4.81043  -2.86402  0.128719  5.51478  3.13026  8.77377
8.06  0.47687  1.02536  1.71626  -2.40753  -4.90853  -2.86402  0.128719  5.65636  2.98726  8.77234
8.07  0.452795  0.975294  1.68762  -2.40753  -5.00663  -2.86402  0.128719  5.80079  2.8414  8.77091
8.08  0.428719  0.924247  1.65898  -2.40753  -5.10473  -2.86402  0.128719  5.94808  2.69268  8.76948
8.09  0.404644  0.872219  1.63034  -2.40753  -5.20283  -2.86402  0.128719  6.09823  2.5411  8.76805
8.1  0.380569  0.819209  1.6017  -2.40753  -5.30093  -2.86402  0.128719  6.25124  2.38666  8.76662
8.11  0.356493  0.765219  1.57306  -2.40753  -5.39903  -2.86402  0.128719  6.4071  2.22937  8.76519
8.12  0.332418  0.710248  1.54442  -2.40753  -5.49713  -2.86402  0.128719  6.56583  2.06922  8.76376
8.13  0.308343  0.654295  1.51578  -2.40753  -5.59523  -2.86402  0.128719  6.72741  1.90621  8.76233
8.14  0.284267  0.597362  1.48714  -2.40753  -5.69333  -2.86402  0.128719  6.89185  1.74034  8.7609
8.15  0.260192  0.539448  1.4585  -2.40753  -5.79143  -2.86402  0.128719  7.05914  1.57161  8.75948
8.16  0.236117  0.480552  1.42986  -2.40753  -5.88953  -2.86402  0.128719  7.2293  1.40003  8.75805
8.17  0.212041  0.420676  1.40122  -2.40753  -5.98763  -2.86402  0.128719  7.40231  1.22559  8.75662
8.18  0.187966  0.359819  1.37258  -2.40753  -6.08573  -2.86402  0.137967  7.57818  1.04829  8.76444
8.19  0.16508  0.29798  1.34394  -2.28857  -6.18383  -2.86402  0.274206  7.67396  0.868129  8.81629
8.2  0.14533  0.235161  1.3153  -1.975  -6.28193  -2.86402  0.498539  7.65703  0.685112  8.84068
8.21  0.130381  0.171361  1.28666  -1.49492  -6.38003  -2.86402  0.764991  7.59411  0.499238  8.85834
8.22  0.121477  0.109454  1.25802  -0.890424  -6.19064  -2.86402  1.86769  7.02647  0.318882  9.21304
8.23  0.119337  0.0547151  1.22938  -0.213974  -5.47394  -2.86402  3.54757  5.67417  0.159405  9.38114
8.24  0.124099  0.0117681  1.20074  0.476189  -4.29469  -2.86402  5.26905  3.99049  0.0342849  9.29383
8.25  0.13531  -0.0157988  1.1721  1.12105  -2.75669  -2.86402  6.48135  2.53305  -0.0460279  8.96837
8.26  0.151968  -0.0257356  1.14346  1.66584  -0.993677  -2.86402  6.79953  1.77669  -0.0749774  8.50125
8.27  0.172615  -0.0173125  1.11482  2.06474  0.84231  -2.86402  6.12897  1.95639  -0.0504378  8.03492
8.28  0.195462  0.00862764  1.08618  2.28465  2.59401  -2.86402  4.69241  2.99225  0.0251355  7.70979
8.29  0.218542  0.049752  1.05754  2.30801  4.11244  -2.86402  2.91122  4.52029  0.144946  7.57645
8.3  0.241622  0.102447  1.0289  2.30801  5.2695  -2.86402  1.25567  6.13222  0.298466  7.68636
8.31  0.264702  0.162136  1.00026  2.30801  5.96885  -2.86402  0.230887  7.29928  0.472361  8.00253
8.32  0.287782  0.223674  0.971615  2.30801  6.15385  -2.86402  0.230887  7.6323  0.651646  8.51483
8.33  0.310862  0.284232  0.942975  2.30801  6.05575  -2.86402  0.230887  7.45444  0.828073  8.5134
8.34  0.333942  0.343808  0.914335  2.30801  5.95765  -2.86402  0.230887  7.27945  1.00164  8.51198
8.35  0.357023  0.402404  0.885694  2.30801  5.85955  -2.86402  0.230887  7.10731  1.17235  8.51055
8.36  0.380103  0.460018  0.857054  2.30801  5.76145  -2.86402  0.230887  6.93803  1.3402  8.50912
8.37  0.403183  0.516652  0.828414  2.30801  5.66335  -2.86402  0.230887  6.7716  1.5052  8.50769
8.38  0.426263  0.572304  0.799774  2.30801  5.56525  -2.86402  0.230887  6.60804  1.66734  8.50626
8.39  0.449343  0.626976  0.771133  2.30801  5.46715  -2.86402  0.230887  6.44733  1.82661  8.50483
8.4  0.472423  0.680666  0.742493  2.30801  5.36905  -2.86402  0.230887  6.28948  1.98303  8.5034
8.41  0.495503  0.733376  0.713853  2.30801  5.27095  -2.86402  0.230887  6.13449  2.1366  8.50197
8.42  0.518583  0.785104  0.685213  2.30801  5.17285  -2.86402  0.230887  5.98235  2.2873  8.50054
8.43  0.541664  0.835852  0.656572  2.30801  5.07475  -2.86402  0.230887  5.83308  2.43515  8.49911
8.44  0.564744  0.885618  0.627932  2.30801  4.97665  -2.86402  0.230887  5.68666  2.58014  8.49769
8.45  0.587824  0.934404  0.599292  2.30801  4.87855  -2.86402  0.230887  5.5431  2.72227  8.49626
8.46  0.610904  0.982208  0.570652  2.30801  4.78045  -2.86402  0.230887  5.4024  2.86154  8.49483
8.47  0.633984  1.02903  0.542012  2.30801  4.68235  -2.86402  0.230887  5.26456  2.99795  8.4934
8.48  0.657064  1.07487  0.513371  2.30801  4.58425  -2.86402  0.230887  5.12957  3.13151  8.49197
8.49  0.680144  1.11974  0.484731  2.30801  4.48615  -2.86402  0.230887  4.99745  3.26221  8.49054
8.5  0.703224  1.16362  0.456091  2.30801  4.38805  -2.86402  0.230887  4.86818  3.39005  8.48911
8.51  0.726305  1.20652  0.427451  2.30801  4.28995  -2.86402  0.230887  4.74176  3.51503  8.48768
8.52  0.749385  1.24843  0.39881  2.30801  4.19185  -2.86402  0.230887  4.61821  3.63715  8.48625
8.53  0.772465  1.28937  0.37017  2.30801  4.09375  -2.86402  0.230887  4.49752  3.75642  8.48482
8.54  0.795545  1.32933  0.34153  2.30801  3.99565  -2.86402  0.230887  4.37968  3.87283  8.48339
8.55  0.818625  1.3683  0.31289  2.30801  3.89755  -2.86402  0.230887  4.2647  3.98638  8.48197
8.56  0.841705  1.4063  0.284249  2.30801  3.79945  -2.86402  0.230887  4.15258  4.09707  8.48054
8.57  0.864785  1.44331  0.255609  2.30801  3.70135  -2.86402  0.230887  4.04332  4.20491  8.47911
8.58  0.887865  1.47934  0.226969  2.30801  3.60325  -2.86402  0.230887  3.93691  4.30988  8.47768
8.59  0.910945  1.5144  0.198329  2.30801  3.50515  -2.86402  0.18474  3.83336  4.412  8.4301
8.6  0.934026  1.54847  0.170024  2.30801  3.40705  -2.83047  0.298309  3.7043  4.51126  8.51387
8.61  0.957106  1.58156  0.144469  2.30801  3.30895  -2.55546  0.575346  3.38653  4.60766  8.56954
8.62  0.980186  1.61366  0.123828  2.30801  3.21085  -2.06411  0.920009  2.95451  4.70121  8.57573
8.63  1.00327  1.64479  0.10983  2.30801  3.11275  -1.39984  1.21523  2.52072  4.79189  8.52784
8.64  1.02635  1.67494  0.103625  2.30801  3.01465  -0.620513  1.36199  2.19766  4.87972  8.43937
8.65  1.04943  1.7041  0.10569  2.30801  2.91655  0.206546  1.31205  2.06042  4.96469  8.33717
8.66  1.07251  1.73229  0.115794  2.30801  2.81845  1.0104  1.08337  2.12214  5.0468  8.25231
8.67  1.09559  1.75949  0.13302  2.30801  2.72035  1.72257  0.753186  2.33047  5.12606  8.20971
8.68  1.11867  1.78571  0.155848  2.30801  2.62225  2.28286  0.431535  2.58589  5.20245  8.21988
8.69  1.14175  1.81096  0.182293  2.30801  2.52415  2.64447  0.224137  2.77549  5.27599  8.27562
8.7  1.16483  1.83522  0.210072  2.30801  2.42605  2.77784  0.224137  2.81078  5.34667  8.38158
8.71  1.18791  1.8585  0.23785  2.30801  2.32795  2.77784  0.224137  2.74152  5.41449  8.38015
8.72  1.21099  1.88079  0.265628  2.30801  2.22985  2.77784  0.224137  2.67513  5.47946  8.37872
8.73  1.23407  1.90211  0.293407  2.30801  2.13175  2.77784  0.224137  2.6116  5.54156  8.3773
8.74  1.25715  1.92245  0.321185  2.30801  2.03365  2.77784  0.224137  2.55092  5.60081  8.37587
8.75  1.28023  1.9418  0.348964  2.30801  1.93555  2.77784  0.224137  2.4931  5.6572  8.37444
8.76  1.30331  1.96018  0.376742  2.30801  1.83745  2.77784  0.224137  2.43814  5.71073  8.37301
8.77  1.32639  1.97757  0.404521  2.30801  1.73935  2.77784  0.224137  2.38604  5.76141  8.37158
8.78  1.34947  1.99398  0.432299  2.30801  1.64125  2.77784  0.224137  2.33679  5.80922  8.37015
8.79  1.37255  2.00942  0.460078  2.30801  1.54315  2.77784  0.224137  2.29041  5.85418  8.36872
8.8  1.39563  2.02387  0.487856  2.30801  1.44505  2.77784  0.224137  2.24688  5.89628  8.36729
8.81  1.41871  2.03734  0.515634  2.30801  1.34695  2.77784  0.224137  2.20621  5.93552  8.36586
8.82  1.44179  2.04982  0.543413  2.30801  1.24885  2.77784  0.224137  2.16839  5.9719  8.36443
8.83  1.46487  2.06133  0.571191  2.30801  1.15075  2.77784  0.224137  2.13344  6.00543  8.36301
8.84  1.48795  2.07186  0.59897  2.30801  1.05265  2.77784  0.224137  2.10134  6.0361  8.36158
8.85  1.51103  2.0814  0.626748  2.30801  0.95455  2.77784  0.224137  2.0721  6.06391  8.36015
8.86  1.53411  2.08997  0.654527  2.30801  0.85645  2.77784  0.224137  2.04572  6.08886  8.35872
8.87  1.55719  2.09755  0.682305  2.30801  0.75835  2.77784  0.224137  2.0222  6.11095  8.35729
8.88  1.58027  2.10415  0.710083  2.30801  0.66025  2.77784  0.224137  2.00154  6.13019  8.35586
8.89  1.60335  2.10978  0.737862  2.30801  0.56215  2.77784  0.224137  1.98373  6.14656  8.35443
8.9  1.62643  2.11442  0.76564  2.30801  0.46405  2.77784  0.224137  1.96878  6.16008  8.353
8.91  1.64951  2.11808  0.793419  2.30801  0.36595  2.77784  0.224137  1.95669  6.17075  8.35157
8.92  1.67259  2.12075  0.821197  2.30801  0.26785  2.77784  0.224137  1.94746  6.17855  8.35014
8.93  1.69567  2.12245  0.848976  2.30801  0.16975  2.77784  0.224137  1.94108  6.18349  8.34872
8.94  1.71875  2.12317  0.876754  2.30801  0.0716501  2.77784  0.224137  1.93757  6.18558  8.34729
8.95  1.74183  2.1229  0.904533  2.30801  -0.0264499  2.77784  0.224137  1.93691  6.18481  8.34586
8.96  1.76491  2.12166  0.932311  2.30801  -0.12455  2.77784  0.224137  1.93911  6.18118  8.34443
8.97  1.78799  2.11943  0.960089  2.30801  -0.22265  2.77784  0.224137  1.94417  6.1747  8.343
8.98  1.81107  2.11622  0.987868  2.30801  -0.32075  2.77784  0.224137  1.95208  6.16535  8.34157
8.99  1.83415  2.11204  1.01565  2.30801  -0.41885  2.77784  0.224137  1.96286  6.15315  8.34014
9  1.85723  2.10687  1.04342  2.30801  -0.51695  2.77784  0.224137  1.97649  6.13809  8.33871
9.01  1.88031  2.10072  1.0712  2.30801  -0.61505  2.77784  0.224137  1.99298  6.12017  8.33728
9.02  1.90339  2.09358  1.09898  2.30801  -0.71315  2.77784  0.224137  2.01232  6.09939  8.33585
9.03  1.92647  2.08547  1.12676  2.30801  -0.81125  2.77784  0.224137  2.03453  6.07576  8.33442
9.04  1.94955  2.07638  1.15454  2.30801  -0.90935  2.77784  0.224137  2.05959  6.04927  8.333
9.05  1.97263  2.0663  1.18232  2.30801  -1.00745  2.77784  0.224137  2.08752  6.01991  8.33157
9.06  1.99571  2.05525  1.2101  2.30801  -1.10555  2.77784  0.224137  2.1183  5.98771  8.33014
9.07  2.01879  2.04321  1.23787  2.30801  -1.20365  2.77784  0.224137  2.15193  5.95264  8.32871
9.08  2.04187  2.03019  1.26565  2.30801  -1.30175  2.77784  0.224137  2.18843  5.91471  8.32728
9.09  2.06495  2.0162  1.29343  2.30801  -1.39985  2.77784  0.224137  2.22778  5.87393  8.32585
9.1  2.08803  2.00122  1.32121  2.30801  -1.49795  2.77784  0.224137  2.26999  5.83029  8.32442
9.11  2.11111  1.98526  1.34899  2.30801  -1.59605  2.77784  0.224137  2.31506  5.78379  8.32299
9.12  2.13419  1.96831  1.37677  2.30801  -1.69415  2.77784  0.224137  2.36299  5.73443  8.32156
9.13  2.15727  1.95039  1.40454  2.30801  -1.79225  2.77784  0.224137  2.41378  5.68222  8.32013
9.14  2.18035  1.93149  1.43232  2.30801  -1.89035  2.77784  0.224137  2.46742  5.62715  8.31871
9.15  2.20343  1.9116  1.4601  2.30801  -1.98845  2.77784  0.224137  2.52392  5.56922  8.31728
9.16  2.22651  1.89074  1.48788  2.30801  -2.08655  2.77784  0.224137  2.58328  5.50843  8.31585
9.17  2.24959  1.86889  1.51566  2.30801  -2.18465  2.77784  0.224137  2.6455  5.44478  8.31442
9.18  2.27267  1.84606  1.54344  2.30801  -2.28275  2.77784  0.224137  2.71058  5.37827  8.31299
9.19  2.29575  1.82226  1.57122  2.30801  -2.38085  2.77784  0.224137  2.77851  5.30891  8.31156
9.2  2.31883  1.79747  1.59899  2.30801  -2.47895  2.77784  0.224137  2.8493  5.23669  8.31013
9.21  2.34191  1.7717  1.62677  2.30801  -2.57705  2.77784  0.224137  2.92295  5.16161  8.3087
9.22  2.36499  1.74494  1.65455  2.30801  -2.67515  2.77784  0.224137  2.99946  5.08367  8.30727
9.23  2.38807  1.71721  1.68233  2.30801  -2.77325  2.77784  0.224137  3.07883  5.00288  8.30584
9.24  2.41115  1.6885  1.71011  2.30801  -2.87135  2.77784  0.224137  3.16105  4.91923  8.30442
9.25  2.43423  1.6588  1.73789  2.30801  -2.96945  2.77784  0.224137  3.24614  4.83271  8.30299
9.26  2.45731  1.62813  1.76566  2.30801  -3.06755  2.77784  0.224137  3.33408  4.74335  8.30156
9.27  2.48039  1.59647  1.79344  2.30801  -3.16565  2.77784  0.224137  3.42487  4.65112  8.30013
9.28  2.50347  1.56383  1.82122  2.30801  -3.26375  2.77784  0.224137  3.51853  4.55603  8.2987
9.29  2.52655  1.53022  1.849  2.30801  -3.36185  2.77784  0.224137  3.61504  4.45809  8.29727
9.3  2.54963  1.49562  1.87678  2.30801  -3.45995  2.77784  0.224137  3.71442  4.35729  8.29584
9.31  2.57271  1.46004  1.90456  2.30801  -3.55805  2.77784  0.224137  3.81665  4.25363  8.29441
9.32  2.59579  1.42347  1.93233  2.30801  -3.65615  2.77784  0.224137  3.92173  4.14711  8.29298
9.33  2.61887  1.38593  1.96011  2.30801  -3.75425  2.77784  0.224137  4.02968  4.03774  8.29155
9.34  2.64195  1.34741  1.98789  2.30801  -3.85235  2.77784  0.224137  4.14049  3.9255  8.29013
9.35  2.66503  1.3079  2.01567  2.30801  -3.95045  2.77784  0.224137  4.25415  3.81041  8.2887
9.36  2.68811  1.26742  2.04345  2.30801  -4.04855  2.77784  0.224137  4.37067  3.69246  8.28727
9.37  2.71119  1.22595  2.07123  2.30801  -4.14665  2.77784  0.224137  4.49005  3.57166  8.28584
9.38  2.73427  1.1835  2.09901  2.30801  -4.24475  2.77784  0.224137  4.61228  3.44799  8.28441
9.39  2.75736  1.14008  2.12678  2.30801  -4.34285  2.77784  0.224137  4.73738  3.32147  8.28298
9.4  2.78044  1.09567  2.15456  2.30801  -4.44095  2.77784  0.224137  4.86533  3.19209  8.28155
9.41  2.80352  1.05028  2.18234  2.30801  -4.53905  2.77784  0.224137  4.99614  3.05985  8.28012
9.42  2.8266  1.0039  2.21012  2.30801  -4.63715  2.77784  0.224137  5.12981  2.92475  8.27869
9.43  2.84968  0.956552  2.2379  2.30801  -4.73525  2.77784  0.224137  5.26634  2.78679  8.27726
9.44  2.87276  0.908218  2.26568  2.30801  -4.83335  2.77784  0.224137  5.40572  2.64598  8.27584
9.45  2.89584  0.858904  2.29345  2.30801  -4.93145  2.77784  0.224137  5.54796  2.50231  8.27441
9.46  2.91892  0.808608  2.32123  2.30801  -5.02955  2.77784  0.266891  5.69306  2.35578  8.31573
9.47  2.94023  0.757332  2.34901  2.13096  -5.12765  2.77784  0.426675  5.72432  2.20639  8.35738
9.48  2.95796  0.705074  2.37679  1.77315  -5.22575  2.77784  0.647398  5.66771  2.05414  8.36925
9.49  2.97062  0.651836  2.40457  1.26636  -5.32385  2.77784  0.853836  5.59265  1.89904  8.34552
9.5  2.97717  0.597616  2.43235  0.65485  -5.42195  2.77784  0.976539  5.57473  1.74108  8.29235
9.51  2.97708  0.542416  2.46013  -0.00845154  -5.52005  2.77784  0.974886  5.67045  1.58026  8.2256
9.52  2.97042  0.486234  2.4879  -0.666565  -5.61815  2.77784  0.85023  5.89867  1.41658  8.16548
9.53  2.95779  0.429072  2.51568  -1.26333  -5.71625  2.77784  0.644883  6.23479  1.25005  8.12972
9.54  2.9403  0.370928  2.54346  -1.74821  -5.81435  2.77784  0.427471  6.61959  1.08065  8.12771
9.55  2.9195  0.311804  2.57124  -2.08056  -5.91245  2.77784  0.269725  6.97936  0.908401  8.15749
9.56  2.89717  0.251698  2.59902  -2.23303  -6.01055  2.77784  0.269725  7.2507  0.733291  8.25372
9.57  2.87484  0.190612  2.6268  -2.23303  -6.10865  2.77784  0.0991253  7.42724  0.555323  8.08169
9.58  2.85251  0.129757  2.65457  -2.23303  -6.08545  2.77784  0.713515  7.38523  0.378031  8.47678
9.59  2.83018  0.074329  2.68235  -2.23303  -5.54282  2.77784  2.09029  6.44827  0.216548  8.75511
9.6  2.80785  0.0290233  2.71013  -2.23303  -4.53057  2.77784  3.79426  4.93416  0.0845556  8.81298
9.61  2.78552  -0.00235987  2.73791  -2.23303  -3.13831  2.77784  5.27973  3.34872  -0.00687518  8.62158
9.62  2.76319  -0.0172346  2.76569  -2.23303  -1.48747  2.77784  6.07104  2.21479  -0.0502108  8.23562
9.63  2.74086  -0.014442  2.79347  -2.23303  0.279256  2.77784  5.91821  1.89782  -0.042075  7.77396
9.64  2.71853  0.0056604  2.82124  -2.23303  2.01024  2.77784  4.87635  2.4863  0.0164909  7.37915
9.65  2.69619  0.0412397  2.84902  -2.23303  3.55793  2.77784  3.28354  3.76596  0.120147  7.16965
9.66  2.67386  0.0891538  2.8768  -2.23303  4.79141  2.77784  1.64574  5.29522  0.259738  7.2007
9.67  2.65153  0.145229  2.90458  -2.23303  5.60748  2.77784  0.431201  6.55534  0.423105  7.40965
9.68  2.6292  0.204621  2.93178  -2.23303  5.93927  2.72003  0.556594  7.07702  0.596138  8.22975
9.69  2.60687  0.263033  2.95608  -2.23303  5.84117  2.43036  0.827333  6.68388  0.766314  8.27753
9.7  2.58454  0.320464  2.97544  -2.23303  5.74307  1.93513  1.15001  6.19412  0.933631  8.27776
9.71  2.56221  0.376913  2.98822  -2.23303  5.64497  1.27801  1.41518  5.7147  1.09809  8.22797
9.72  2.53988  0.432382  2.99338  -2.23303  5.54687  0.516198  1.53402  5.34871  1.25969  8.14242
9.73  2.51755  0.48687  2.99053  -2.23303  5.44877  -0.284562  1.46767  5.16099  1.41843  8.0471
9.74  2.49522  0.540377  2.97998  -2.23303  5.35067  -1.05563  1.23947  5.15713  1.57432  7.97091
9.75  2.47289  0.592902  2.96266  -2.23303  5.25257  -1.73138  0.926362  5.28232  1.72735  7.93603
9.76  2.45056  0.644447  2.94011  -2.23303  5.15447  -2.25474  0.632559  5.4405  1.87751  7.95058
9.77  2.42823  0.695011  2.91429  -2.23303  5.05637  -2.58206  0.454445  5.52685  2.02483  8.00612
9.78  2.4059  0.744593  2.88743  -2.23303  4.95827  -2.68672  0.454445  5.46285  2.16928  8.08657
9.79  2.38357  0.793195  2.86056  -2.23303  4.86017  -2.68672  0.454445  5.31982  2.31087  8.08514
9.8  2.36124  0.840816  2.83369  -2.23303  4.76207  -2.68672  0.454445  5.17966  2.44961  8.08371
9.81  2.33891  0.887455  2.80682  -2.23303  4.66397  -2.68672  0.454445  5.04235  2.58549  8.08228
9.82  2.31658  0.933114  2.77996  -2.23303  4.56587  -2.68672  0.454445  4.9079  2.71851  8.08086
9.83  2.29425  0.977792  2.75309  -2.23303  4.46777  -2.68672  0.454445  4.77631  2.84867  8.07943
9.84  2.27192  1.02149  2.72622  -2.23303  4.36967  -2.68672  0.454445  4.64757  2.97598  8.078
9.85  2.24959  1.0642  2.69936  -2.23303  4.27157  -2.68672  0.454445  4.5217  3.10042  8.07657
9.86  2.22726  1.10594  2.67249  -2.23303  4.17347  -2.68672  0.454445  4.39868  3.22201  8.07514
9.87  2.20493  1.14669  2.64562  -2.23303  4.07537  -2.68672  0.454445  4.27852  3.34074  8.07371
9.88  2.1826  1.18647  2.61875  -2.23303  3.97727  -2.68672  0.454445  4.16122  3.45662  8.07228
9.89  2.16027  1.22526  2.59189  -2.23303  3.87917  -2.68672  0.454445  4.04678  3.56963  8.07085
9.9  2.13794  1.26307  2.56502  -2.23303  3.78107  -2.68672  0.454445  3.93519  3.67979  8.06942
9.91  2.11561  1.2999  2.53815  -2.23303  3.68297  -2.68672  0.454445  3.82646  3.78709  8.06799
9.92  2.09328  1.33575  2.51129  -2.23303  3.58487  -2.68672  0.454445  3.72059  3.89153  8.06657
9.93  2.07095  1.37061  2.48442  -2.23303  3.48677  -2.68672  0.454445  3.61758  3.99311  8.06514
9.94  2.04862  1.4045  2.45755  -2.23303  3.38867  -2.68672  0.454445  3.51743  4.09184  8.06371
9.95  2.02629  1.43741  2.43068  -2.23303  3.29057  -2.68672  0.454445  3.42013  4.1877  8.06228
9.96  2.00396  1.46933  2.40382  -2.23303  3.19247  -2.68672  0.454445  3.32569  4.28071  8.06085
9.97  1.98163  1.50027  2.37695  -2.23303  3.09437  -2.68672  0.454445  3.23411  4.37086  8.05942
9.98  1.95929  1.53024  2.35008  -2.23303  2.99627  -2.68672  0.454445  3.14539  4.45815  8.05799
9.99  1.93696  1.55922  2.32322  -2.23303  2.89817  -2.68672  0.454445  3.05953  4.54259  8.05656
